0      94218.4      94218.4      29578.7      -27276.9      1.04304e+06      932741      84030.7      94218.4      29578.7      -27276.9
1      -662069      -662069      37693.9      282244      1.89278e+06      2.86704e+06      274925      -662069      37693.9      282244
2      -1.77009e+06      -1.77009e+06      67896.1      74470.2      2.63795e+06      4.82019e+06      460802      -1.77009e+06      67896.1      74470.2
3      -2.91712e+06      -2.91712e+06      112512      -523910      3.22059e+06      6.43413e+06      608253      -2.91712e+06      112512      -523910
4      -3.94072e+06      -3.94072e+06      161296      -1.30038e+06      3.64049e+06      7.63596e+06      713191      -3.94072e+06      161296      -1.30038e+06
5      -4.78075e+06      -4.78075e+06      207390      -2.09632e+06      3.9265e+06      8.4732e+06      782511      -4.78075e+06      207390      -2.09632e+06
6      -5.41594e+06      -5.41594e+06      246728      -2.81027e+06      4.10892e+06      9.00868e+06      823766      -5.41594e+06      246728      -2.81027e+06
7      -5.79735e+06      -5.79735e+06      274062      -3.32875e+06      4.19586e+06      9.25661e+06      840017      -5.79735e+06      274062      -3.32875e+06
8      -6.00376e+06      -6.00376e+06      290491      -3.65307e+06      4.22556e+06      9.34849e+06      844071      -6.00376e+06      290491      -3.65307e+06
9      -6.11165e+06      -6.11165e+06      299799      -3.84289e+06      4.23161e+06      9.37544e+06      843856      -6.11165e+06      299799      -3.84289e+06
10      -6.16751e+06      -6.16751e+06      304976      -3.95101e+06      4.23046e+06      9.37949e+06      842644      -6.16751e+06      304976      -3.95101e+06
11      -6.19614e+06      -6.19614e+06      307843      -4.01178e+06      4.22821e+06      9.37687e+06      841486      -6.19614e+06      307843      -4.01178e+06
12      -6.21035e+06      -6.21035e+06      309421      -4.04544e+06      4.22659e+06      9.37306e+06      840613      -6.21035e+06      309421      -4.04544e+06
13      -6.21682e+06      -6.21682e+06      310274      -4.06361e+06      4.22577e+06      9.36965e+06      840005      -6.21682e+06      310274      -4.06361e+06
14      -6.21912e+06      -6.21912e+06      310718      -4.07294e+06      4.22558e+06      9.36692e+06      839592      -6.21912e+06      310718      -4.07294e+06
15      -6.21919e+06      -6.21919e+06      310931      -4.07724e+06      4.22578e+06      9.36478e+06      839312      -6.21919e+06      310931      -4.07724e+06
16      -6.21811e+06      -6.21811e+06      311012      -4.07871e+06      4.22619e+06      9.36309e+06      839118      -6.21811e+06      311012      -4.07871e+06
17      -6.21649e+06      -6.21649e+06      311022      -4.07862e+06      4.2267e+06      9.36173e+06      838979      -6.21649e+06      311022      -4.07862e+06
18      -6.21465e+06      -6.21465e+06      310993      -4.07772e+06      4.22724e+06      9.36062e+06      838877      -6.21465e+06      310993      -4.07772e+06
19      -6.21279e+06      -6.21279e+06      310946      -4.07643e+06      4.22778e+06      9.35969e+06      838798      -6.21279e+06      310946      -4.07643e+06
20      -6.21099e+06      -6.21099e+06      310890      -4.07498e+06      4.22829e+06      9.35889e+06      838736      -6.21099e+06      310890      -4.07498e+06
21      -6.20932e+06      -6.20932e+06      310833      -4.07353e+06      4.22876e+06      9.35821e+06      838686      -6.20932e+06      310833      -4.07353e+06
22      -6.20777e+06      -6.20777e+06      310777      -4.07213e+06      4.2292e+06      9.35761e+06      838643      -6.20777e+06      310777      -4.07213e+06
23      -6.20637e+06      -6.20637e+06      310724      -4.07082e+06      4.22959e+06      9.35709e+06      838607      -6.20637e+06      310724      -4.07082e+06
24      -6.20511e+06      -6.20511e+06      310676      -4.06961e+06      4.22994e+06      9.35663e+06      838576      -6.20511e+06      310676      -4.06961e+06
25      -6.20397e+06      -6.20397e+06      310632      -4.06852e+06      4.23026e+06      9.35622e+06      838549      -6.20397e+06      310632      -4.06852e+06
26      -6.20295e+06      -6.20295e+06      310592      -4.06753e+06      4.23055e+06      9.35586e+06      838525      -6.20295e+06      310592      -4.06753e+06
27      -6.20204e+06      -6.20204e+06      310556      -4.06665e+06      4.2308e+06      9.35553e+06      838504      -6.20204e+06      310556      -4.06665e+06
28      -6.20122e+06      -6.20122e+06      310524      -4.06585e+06      4.23103e+06      9.35525e+06      838486      -6.20122e+06      310524      -4.06585e+06
29      -6.2005e+06      -6.2005e+06      310495      -4.06514e+06      4.23123e+06      9.35499e+06      838469      -6.2005e+06      310495      -4.06514e+06
30      -6.19985e+06      -6.19985e+06      310470      -4.06451e+06      4.23141e+06      9.35477e+06      838455      -6.19985e+06      310470      -4.06451e+06
31      -6.19927e+06      -6.19927e+06      310447      -4.06394e+06      4.23157e+06      9.35457e+06      838442      -6.19927e+06      310447      -4.06394e+06
32      -6.19876e+06      -6.19876e+06      310426      -4.06343e+06      4.23171e+06      9.35439e+06      838430      -6.19876e+06      310426      -4.06343e+06
33      -6.1983e+06      -6.1983e+06      310408      -4.06298e+06      4.23184e+06      9.35423e+06      838420      -6.1983e+06      310408      -4.06298e+06
34      -6.19789e+06      -6.19789e+06      310392      -4.06258e+06      4.23196e+06      9.35408e+06      838411      -6.19789e+06      310392      -4.06258e+06
35      -6.19753e+06      -6.19753e+06      310377      -4.06222e+06      4.23206e+06      9.35396e+06      838403      -6.19753e+06      310377      -4.06222e+06
36      -6.1972e+06      -6.1972e+06      310364      -4.0619e+06      4.23215e+06      9.35384e+06      838396      -6.1972e+06      310364      -4.0619e+06
37      -6.19691e+06      -6.19691e+06      310353      -4.06162e+06      4.23223e+06      9.35374e+06      838389      -6.19691e+06      310353      -4.06162e+06
38      -6.19666e+06      -6.19666e+06      310343      -4.06137e+06      4.2323e+06      9.35365e+06      838383      -6.19666e+06      310343      -4.06137e+06
39      -6.19643e+06      -6.19643e+06      310334      -4.06114e+06      4.23236e+06      9.35357e+06      838378      -6.19643e+06      310334      -4.06114e+06
40      -6.19622e+06      -6.19622e+06      310325      -4.06094e+06      4.23242e+06      9.3535e+06      838374      -6.19622e+06      310325      -4.06094e+06
41      -6.19604e+06      -6.19604e+06      310318      -4.06076e+06      4.23247e+06      9.35344e+06      838370      -6.19604e+06      310318      -4.06076e+06
42      -6.19588e+06      -6.19588e+06      310312      -4.0606e+06      4.23252e+06      9.35338e+06      838366      -6.19588e+06      310312      -4.0606e+06
43      -6.19573e+06      -6.19573e+06      310306      -4.06046e+06      4.23256e+06      9.35333e+06      838363      -6.19573e+06      310306      -4.06046e+06
44      -6.1956e+06      -6.1956e+06      310301      -4.06034e+06      4.23259e+06      9.35329e+06      838360      -6.1956e+06      310301      -4.06034e+06
45      -6.19549e+06      -6.19549e+06      310296      -4.06022e+06      4.23262e+06      9.35325e+06      838357      -6.19549e+06      310296      -4.06022e+06
46      -6.19539e+06      -6.19539e+06      310292      -4.06012e+06      4.23265e+06      9.35321e+06      838355      -6.19539e+06      310292      -4.06012e+06
47      -6.1953e+06      -6.1953e+06      310289      -4.06003e+06      4.23268e+06      9.35318e+06      838353      -6.1953e+06      310289      -4.06003e+06
48      -6.19522e+06      -6.19522e+06      310285      -4.05995e+06      4.2327e+06      9.35315e+06      838351      -6.19522e+06      310285      -4.05995e+06
49      -6.19514e+06      -6.19514e+06      310283      -4.05988e+06      4.23272e+06      9.35313e+06      838350      -6.19514e+06      310283      -4.05988e+06
50      -6.19508e+06      -6.19508e+06      310280      -4.05982e+06      4.23274e+06      9.35311e+06      838348      -6.19508e+06      310280      -4.05982e+06
51      -6.19502e+06      -6.19502e+06      310278      -4.05976e+06      4.23275e+06      9.35309e+06      838347      -6.19502e+06      310278      -4.05976e+06
52      -6.19497e+06      -6.19497e+06      310276      -4.05971e+06      4.23277e+06      9.35307e+06      838346      -6.19497e+06      310276      -4.05971e+06
53      -6.19493e+06      -6.19493e+06      310274      -4.05967e+06      4.23278e+06      9.35305e+06      838345      -6.19493e+06      310274      -4.05967e+06
54      -6.19489e+06      -6.19489e+06      310272      -4.05963e+06      4.23279e+06      9.35304e+06      838344      -6.19489e+06      310272      -4.05963e+06
55      -6.19485e+06      -6.19485e+06      310271      -4.05959e+06      4.2328e+06      9.35303e+06      838343      -6.19485e+06      310271      -4.05959e+06
56      -6.19482e+06      -6.19482e+06      310270      -4.05956e+06      4.23281e+06      9.35301e+06      838342      -6.19482e+06      310270      -4.05956e+06
57      -6.19479e+06      -6.19479e+06      310268      -4.05953e+06      4.23282e+06      9.353e+06      838342      -6.19479e+06      310268      -4.05953e+06
58      -6.19476e+06      -6.19476e+06      310267      -4.05951e+06      4.23283e+06      9.353e+06      838341      -6.19476e+06      310267      -4.05951e+06
59      -6.19474e+06      -6.19474e+06      310266      -4.05949e+06      4.23283e+06      9.35299e+06      838340      -6.19474e+06      310266      -4.05949e+06
60      -6.19472e+06      -6.19472e+06      310266      -4.05947e+06      4.23284e+06      9.35298e+06      838340      -6.19472e+06      310266      -4.05947e+06
61      -6.1947e+06      -6.1947e+06      310265      -4.05945e+06      4.23284e+06      9.35297e+06      838340      -6.1947e+06      310265      -4.05945e+06
62      -6.19469e+06      -6.19469e+06      310264      -4.05943e+06      4.23285e+06      9.35297e+06      838339      -6.19469e+06      310264      -4.05943e+06
63      -6.19467e+06      -6.19467e+06      310264      -4.05942e+06      4.23285e+06      9.35296e+06      838339      -6.19467e+06      310264      -4.05942e+06
64      -6.19466e+06      -6.19466e+06      310263      -4.05941e+06      4.23286e+06      9.35296e+06      838339      -6.19466e+06      310263      -4.05941e+06
65      -6.19465e+06      -6.19465e+06      310263      -4.05939e+06      4.23286e+06      9.35296e+06      838338      -6.19465e+06      310263      -4.05939e+06
66      -6.19464e+06      -6.19464e+06      310262      -4.05938e+06      4.23286e+06      9.35295e+06      838338      -6.19464e+06      310262      -4.05938e+06
67      -6.19463e+06      -6.19463e+06      310262      -4.05938e+06      4.23286e+06      9.35295e+06      838338      -6.19463e+06      310262      -4.05938e+06
68      -6.19462e+06      -6.19462e+06      310262      -4.05937e+06      4.23287e+06      9.35295e+06      838338      -6.19462e+06      310262      -4.05937e+06
69      -6.19461e+06      -6.19461e+06      310261      -4.05936e+06      4.23287e+06      9.35294e+06      838338      -6.19461e+06      310261      -4.05936e+06
70      -6.19461e+06      -6.19461e+06      310261      -4.05935e+06      4.23287e+06      9.35294e+06      838338      -6.19461e+06      310261      -4.05935e+06
71      -6.1946e+06      -6.1946e+06      310261      -4.05935e+06      4.23287e+06      9.35294e+06      838337      -6.1946e+06      310261      -4.05935e+06
72      -6.1946e+06      -6.1946e+06      310261      -4.05934e+06      4.23287e+06      9.35294e+06      838337      -6.1946e+06      310261      -4.05934e+06
73      -6.19459e+06      -6.19459e+06      310261      -4.05934e+06      4.23287e+06      9.35294e+06      838337      -6.19459e+06      310261      -4.05934e+06
74      -6.19459e+06      -6.19459e+06      310260      -4.05934e+06      4.23288e+06      9.35293e+06      838337      -6.19459e+06      310260      -4.05934e+06
75      -6.19458e+06      -6.19458e+06      310260      -4.05933e+06      4.23288e+06      9.35293e+06      838337      -6.19458e+06      310260      -4.05933e+06
76      -6.19458e+06      -6.19458e+06      310260      -4.05933e+06      4.23288e+06      9.35293e+06      838337      -6.19458e+06      310260      -4.05933e+06
77      -6.19458e+06      -6.19458e+06      310260      -4.05933e+06      4.23288e+06      9.35293e+06      838337      -6.19458e+06      310260      -4.05933e+06
78      -6.19458e+06      -6.19458e+06      310260      -4.05932e+06      4.23288e+06      9.35293e+06      838337      -6.19458e+06      310260      -4.05932e+06
79      -6.19457e+06      -6.19457e+06      310260      -4.05932e+06      4.23288e+06      9.35293e+06      838337      -6.19457e+06      310260      -4.05932e+06
80      -6.19457e+06      -6.19457e+06      310260      -4.05932e+06      4.23288e+06      9.35293e+06      838337      -6.19457e+06      310260      -4.05932e+06
81      -6.19457e+06      -6.19457e+06      310260      -4.05932e+06      4.23288e+06      9.35293e+06      838337      -6.19457e+06      310260      -4.05932e+06
82      -6.19457e+06      -6.19457e+06      310260      -4.05932e+06      4.23288e+06      9.35293e+06      838337      -6.19457e+06      310260      -4.05932e+06
83      -6.19457e+06      -6.19457e+06      310260      -4.05931e+06      4.23288e+06      9.35293e+06      838337      -6.19457e+06      310260      -4.05931e+06
84      -6.19457e+06      -6.19457e+06      310260      -4.05931e+06      4.23288e+06      9.35293e+06      838337      -6.19457e+06      310260      -4.05931e+06
85      -6.19456e+06      -6.19456e+06      310259      -4.05931e+06      4.23288e+06      9.35293e+06      838337      -6.19456e+06      310259      -4.05931e+06
86      -6.19456e+06      -6.19456e+06      310259      -4.05931e+06      4.23288e+06      9.35293e+06      838337      -6.19456e+06      310259      -4.05931e+06
87      -6.19456e+06      -6.19456e+06      310259      -4.05931e+06      4.23288e+06      9.35293e+06      838337      -6.19456e+06      310259      -4.05931e+06
88      -6.19456e+06      -6.19456e+06      310259      -4.05931e+06      4.23288e+06      9.35293e+06      838336      -6.19456e+06      310259      -4.05931e+06
89      -6.19456e+06      -6.19456e+06      310259      -4.05931e+06      4.23288e+06      9.35293e+06      838336      -6.19456e+06      310259      -4.05931e+06
90      -6.19456e+06      -6.19456e+06      310259      -4.05931e+06      4.23288e+06      9.35293e+06      838336      -6.19456e+06      310259      -4.05931e+06
91      -6.19456e+06      -6.19456e+06      310259      -4.05931e+06      4.23288e+06      9.35292e+06      838336      -6.19456e+06      310259      -4.05931e+06
92      -6.19456e+06      -6.19456e+06      310259      -4.05931e+06      4.23288e+06      9.35292e+06      838336      -6.19456e+06      310259      -4.05931e+06
93      -6.19456e+06      -6.19456e+06      310259      -4.05931e+06      4.23288e+06      9.35292e+06      838336      -6.19456e+06      310259      -4.05931e+06
94      -6.19456e+06      -6.19456e+06      310259      -4.05931e+06      4.23288e+06      9.35292e+06      838336      -6.19456e+06      310259      -4.05931e+06
95      -6.19456e+06      -6.19456e+06      310259      -4.05931e+06      4.23288e+06      9.35292e+06      838336      -6.19456e+06      310259      -4.05931e+06
96      -6.19456e+06      -6.19456e+06      310259      -4.05931e+06      4.23288e+06      9.35292e+06      838336      -6.19456e+06      310259      -4.05931e+06
97      -6.19456e+06      -6.19456e+06      310259      -4.05931e+06      4.23288e+06      9.35292e+06      838336      -6.19456e+06      310259      -4.05931e+06
98      -6.19456e+06      -6.19456e+06      310259      -4.05931e+06      4.23288e+06      9.35292e+06      838336      -6.19456e+06      310259      -4.05931e+06
99      -6.19456e+06      -6.19456e+06      310259      -4.0593e+06      4.23288e+06      9.35292e+06      838336      -6.19456e+06      310259      -4.0593e+06
100      -6.19456e+06      -6.19456e+06      310259      -4.0593e+06      4.23288e+06      9.35292e+06      838336      -6.19456e+06      310259      -4.0593e+06
101      -6.19456e+06      -6.19456e+06      310259      -4.0593e+06      4.23288e+06      9.35292e+06      838336      -6.19456e+06      310259      -4.0593e+06
102      -6.19456e+06      -6.19456e+06      310259      -4.0593e+06      4.23288e+06      9.35292e+06      838336      -6.19456e+06      310259      -4.0593e+06
103      -6.19456e+06      -6.19456e+06      310259      -4.0593e+06      4.23288e+06      9.35292e+06      838336      -6.19456e+06      310259      -4.0593e+06
104      -6.19456e+06      -6.19456e+06      310259      -4.0593e+06      4.23288e+06      9.35292e+06      838336      -6.19456e+06      310259      -4.0593e+06
