0      -8460.28      -8460.28      17032.4      -14887.8      390442      411626      12207.5      -8460.28      17032.4      -14887.8
1      -256858      -256858      45491.5      -276549      965443      1.27951e+06      50615.3      -256858      45491.5      -276549
2      -593531      -593531      74100.4      -726841      1.48228e+06      2.07597e+06      81626.1      -593531      74100.4      -726841
3      -931170      -931170      98894.4      -1.23699e+06      1.89101e+06      2.69573e+06      101452      -931170      98894.4      -1.23699e+06
4      -1.22597e+06      -1.22597e+06      118694      -1.72322e+06      2.19165e+06      3.13322e+06      111542      -1.22597e+06      118694      -1.72322e+06
5      -1.46468e+06      -1.46468e+06      133764      -2.14596e+06      2.40325e+06      3.42233e+06      114834      -1.46468e+06      133764      -2.14596e+06
6      -1.6427e+06      -1.6427e+06      144593      -2.48383e+06      2.54416e+06      3.59545e+06      113738      -1.6427e+06      144593      -2.48383e+06
7      -1.74717e+06      -1.74717e+06      150821      -2.70148e+06      2.61759e+06      3.66612e+06      110216      -1.74717e+06      150821      -2.70148e+06
8      -1.80298e+06      -1.80298e+06      153950      -2.82698e+06      2.6492e+06      3.68577e+06      106862      -1.80298e+06      153950      -2.82698e+06
9      -1.83196e+06      -1.83196e+06      155455      -2.89677e+06      2.66131e+06      3.68642e+06      104370      -1.83196e+06      155455      -2.89677e+06
10      -1.84691e+06      -1.84691e+06      156180      -2.93525e+06      2.66556e+06      3.68196e+06      102690      -1.84691e+06      156180      -2.93525e+06
11      -1.85451e+06      -1.85451e+06      156535      -2.95633e+06      2.66693e+06      3.67719e+06      101609      -1.85451e+06      156535      -2.95633e+06
12      -1.8582e+06      -1.8582e+06      156712      -2.96765e+06      2.66732e+06      3.67339e+06      100929      -1.8582e+06      156712      -2.96765e+06
13      -1.85975e+06      -1.85975e+06      156797      -2.97341e+06      2.66742e+06      3.67061e+06      100507      -1.85975e+06      156797      -2.97341e+06
14      -1.86012e+06      -1.86012e+06      156834      -2.97598e+06      2.66744e+06      3.66865e+06      100247      -1.86012e+06      156834      -2.97598e+06
15      -1.85985e+06      -1.85985e+06      156845      -2.97671e+06      2.66745e+06      3.66725e+06      100089      -1.85985e+06      156845      -2.97671e+06
16      -1.85923e+06      -1.85923e+06      156841      -2.97641e+06      2.66747e+06      3.66625e+06      99994.2      -1.85923e+06      156841      -2.97641e+06
17      -1.85845e+06      -1.85845e+06      156830      -2.97553e+06      2.6675e+06      3.66549e+06      99937.8      -1.85845e+06      156830      -2.97553e+06
18      -1.85759e+06      -1.85759e+06      156815      -2.97436e+06      2.66754e+06      3.66491e+06      99905.2      -1.85759e+06      156815      -2.97436e+06
19      -1.85672e+06      -1.85672e+06      156799      -2.97305e+06      2.66758e+06      3.66445e+06      99887.2      -1.85672e+06      156799      -2.97305e+06
20      -1.85587e+06      -1.85587e+06      156781      -2.97171e+06      2.66762e+06      3.66407e+06      99878      -1.85587e+06      156781      -2.97171e+06
21      -1.85505e+06      -1.85505e+06      156765      -2.97039e+06      2.66766e+06      3.66374e+06      99874.1      -1.85505e+06      156765      -2.97039e+06
22      -1.85427e+06      -1.85427e+06      156748      -2.96911e+06      2.66769e+06      3.66345e+06      99873.4      -1.85427e+06      156748      -2.96911e+06
23      -1.85355e+06      -1.85355e+06      156733      -2.96791e+06      2.66773e+06      3.6632e+06      99874.6      -1.85355e+06      156733      -2.96791e+06
24      -1.85287e+06      -1.85287e+06      156718      -2.96677e+06      2.66776e+06      3.66297e+06      99876.7      -1.85287e+06      156718      -2.96677e+06
25      -1.85224e+06      -1.85224e+06      156704      -2.96571e+06      2.66779e+06      3.66277e+06      99879.3      -1.85224e+06      156704      -2.96571e+06
26      -1.85166e+06      -1.85166e+06      156692      -2.96472e+06      2.66782e+06      3.66258e+06      99882.2      -1.85166e+06      156692      -2.96472e+06
27      -1.85112e+06      -1.85112e+06      156680      -2.9638e+06      2.66785e+06      3.66241e+06      99885      -1.85112e+06      156680      -2.9638e+06
28      -1.85061e+06      -1.85061e+06      156669      -2.96295e+06      2.66787e+06      3.66225e+06      99887.9      -1.85061e+06      156669      -2.96295e+06
29      -1.85015e+06      -1.85015e+06      156659      -2.96217e+06      2.66789e+06      3.66211e+06      99890.6      -1.85015e+06      156659      -2.96217e+06
30      -1.84972e+06      -1.84972e+06      156650      -2.96144e+06      2.66791e+06      3.66198e+06      99893.2      -1.84972e+06      156650      -2.96144e+06
31      -1.84932e+06      -1.84932e+06      156641      -2.96076e+06      2.66793e+06      3.66185e+06      99895.6      -1.84932e+06      156641      -2.96076e+06
32      -1.84896e+06      -1.84896e+06      156633      -2.96014e+06      2.66795e+06      3.66174e+06      99897.8      -1.84896e+06      156633      -2.96014e+06
33      -1.84862e+06      -1.84862e+06      156626      -2.95956e+06      2.66797e+06      3.66163e+06      99899.9      -1.84862e+06      156626      -2.95956e+06
34      -1.84831e+06      -1.84831e+06      156619      -2.95903e+06      2.66798e+06      3.66154e+06      99901.8      -1.84831e+06      156619      -2.95903e+06
35      -1.84802e+06      -1.84802e+06      156612      -2.95854e+06      2.668e+06      3.66145e+06      99903.6      -1.84802e+06      156612      -2.95854e+06
36      -1.84775e+06      -1.84775e+06      156607      -2.95809e+06      2.66801e+06      3.66137e+06      99905.3      -1.84775e+06      156607      -2.95809e+06
37      -1.8475e+06      -1.8475e+06      156601      -2.95767e+06      2.66802e+06      3.66129e+06      99906.8      -1.8475e+06      156601      -2.95767e+06
38      -1.84727e+06      -1.84727e+06      156596      -2.95728e+06      2.66803e+06      3.66122e+06      99908.3      -1.84727e+06      156596      -2.95728e+06
39      -1.84706e+06      -1.84706e+06      156592      -2.95692e+06      2.66804e+06      3.66115e+06      99909.6      -1.84706e+06      156592      -2.95692e+06
40      -1.84687e+06      -1.84687e+06      156587      -2.95659e+06      2.66805e+06      3.66109e+06      99910.8      -1.84687e+06      156587      -2.95659e+06
41      -1.84669e+06      -1.84669e+06      156583      -2.95628e+06      2.66806e+06      3.66104e+06      99911.9      -1.84669e+06      156583      -2.95628e+06
42      -1.84652e+06      -1.84652e+06      156580      -2.956e+06      2.66807e+06      3.66099e+06      99913      -1.84652e+06      156580      -2.956e+06
43      -1.84637e+06      -1.84637e+06      156576      -2.95574e+06      2.66808e+06      3.66094e+06      99913.9      -1.84637e+06      156576      -2.95574e+06
44      -1.84622e+06      -1.84622e+06      156573      -2.95549e+06      2.66809e+06      3.66089e+06      99914.8      -1.84622e+06      156573      -2.95549e+06
45      -1.84609e+06      -1.84609e+06      156570      -2.95527e+06      2.66809e+06      3.66085e+06      99915.6      -1.84609e+06      156570      -2.95527e+06
46      -1.84597e+06      -1.84597e+06      156568      -2.95507e+06      2.6681e+06      3.66082e+06      99916.4      -1.84597e+06      156568      -2.95507e+06
47      -1.84586e+06      -1.84586e+06      156565      -2.95487e+06      2.6681e+06      3.66078e+06      99917.1      -1.84586e+06      156565      -2.95487e+06
48      -1.84576e+06      -1.84576e+06      156563      -2.9547e+06      2.66811e+06      3.66075e+06      99917.8      -1.84576e+06      156563      -2.9547e+06
49      -1.84566e+06      -1.84566e+06      156561      -2.95454e+06      2.66811e+06      3.66072e+06      99918.4      -1.84566e+06      156561      -2.95454e+06
50      -1.84557e+06      -1.84557e+06      156559      -2.95439e+06      2.66812e+06      3.66069e+06      99918.9      -1.84557e+06      156559      -2.95439e+06
51      -1.84549e+06      -1.84549e+06      156557      -2.95425e+06      2.66812e+06      3.66067e+06      99919.4      -1.84549e+06      156557      -2.95425e+06
52      -1.84542e+06      -1.84542e+06      156556      -2.95412e+06      2.66813e+06      3.66064e+06      99919.9      -1.84542e+06      156556      -2.95412e+06
53      -1.84535e+06      -1.84535e+06      156554      -2.954e+06      2.66813e+06      3.66062e+06      99920.3      -1.84535e+06      156554      -2.954e+06
54      -1.84528e+06      -1.84528e+06      156553      -2.95389e+06      2.66813e+06      3.6606e+06      99920.7      -1.84528e+06      156553      -2.95389e+06
55      -1.84522e+06      -1.84522e+06      156551      -2.95379e+06      2.66814e+06      3.66059e+06      99921.1      -1.84522e+06      156551      -2.95379e+06
56      -1.84517e+06      -1.84517e+06      156550      -2.9537e+06      2.66814e+06      3.66057e+06      99921.4      -1.84517e+06      156550      -2.9537e+06
57      -1.84512e+06      -1.84512e+06      156549      -2.95361e+06      2.66814e+06      3.66055e+06      99921.8      -1.84512e+06      156549      -2.95361e+06
58      -1.84507e+06      -1.84507e+06      156548      -2.95353e+06      2.66814e+06      3.66054e+06      99922.1      -1.84507e+06      156548      -2.95353e+06
59      -1.84503e+06      -1.84503e+06      156547      -2.95346e+06      2.66814e+06      3.66052e+06      99922.3      -1.84503e+06      156547      -2.95346e+06
60      -1.84498e+06      -1.84498e+06      156546      -2.95339e+06      2.66815e+06      3.66051e+06      99922.6      -1.84498e+06      156546      -2.95339e+06
61      -1.84495e+06      -1.84495e+06      156545      -2.95332e+06      2.66815e+06      3.6605e+06      99922.8      -1.84495e+06      156545      -2.95332e+06
62      -1.84491e+06      -1.84491e+06      156545      -2.95327e+06      2.66815e+06      3.66049e+06      99923      -1.84491e+06      156545      -2.95327e+06
63      -1.84488e+06      -1.84488e+06      156544      -2.95321e+06      2.66815e+06      3.66048e+06      99923.2      -1.84488e+06      156544      -2.95321e+06
64      -1.84485e+06      -1.84485e+06      156543      -2.95316e+06      2.66815e+06      3.66047e+06      99923.4      -1.84485e+06      156543      -2.95316e+06
65      -1.84483e+06      -1.84483e+06      156543      -2.95312e+06      2.66815e+06      3.66046e+06      99923.6      -1.84483e+06      156543      -2.95312e+06
66      -1.8448e+06      -1.8448e+06      156542      -2.95307e+06      2.66816e+06      3.66046e+06      99923.7      -1.8448e+06      156542      -2.95307e+06
67      -1.84478e+06      -1.84478e+06      156542      -2.95303e+06      2.66816e+06      3.66045e+06      99923.9      -1.84478e+06      156542      -2.95303e+06
68      -1.84476e+06      -1.84476e+06      156541      -2.953e+06      2.66816e+06      3.66044e+06      99924      -1.84476e+06      156541      -2.953e+06
69      -1.84474e+06      -1.84474e+06      156541      -2.95297e+06      2.66816e+06      3.66044e+06      99924.1      -1.84474e+06      156541      -2.95297e+06
70      -1.84472e+06      -1.84472e+06      156540      -2.95293e+06      2.66816e+06      3.66043e+06      99924.2      -1.84472e+06      156540      -2.95293e+06
71      -1.8447e+06      -1.8447e+06      156540      -2.95291e+06      2.66816e+06      3.66042e+06      99924.3      -1.8447e+06      156540      -2.95291e+06
72      -1.84469e+06      -1.84469e+06      156540      -2.95288e+06      2.66816e+06      3.66042e+06      99924.4      -1.84469e+06      156540      -2.95288e+06
73      -1.84467e+06      -1.84467e+06      156539      -2.95285e+06      2.66816e+06      3.66042e+06      99924.5      -1.84467e+06      156539      -2.95285e+06
74      -1.84466e+06      -1.84466e+06      156539      -2.95283e+06      2.66816e+06      3.66041e+06      99924.6      -1.84466e+06      156539      -2.95283e+06
75      -1.84465e+06      -1.84465e+06      156539      -2.95281e+06      2.66816e+06      3.66041e+06      99924.7      -1.84465e+06      156539      -2.95281e+06
76      -1.84464e+06      -1.84464e+06      156539      -2.95279e+06      2.66816e+06      3.6604e+06      99924.8      -1.84464e+06      156539      -2.95279e+06
77      -1.84462e+06      -1.84462e+06      156538      -2.95277e+06      2.66816e+06      3.6604e+06      99924.8      -1.84462e+06      156538      -2.95277e+06
78      -1.84461e+06      -1.84461e+06      156538      -2.95276e+06      2.66816e+06      3.6604e+06      99924.9      -1.84461e+06      156538      -2.95276e+06
79      -1.84461e+06      -1.84461e+06      156538      -2.95274e+06      2.66817e+06      3.6604e+06      99924.9      -1.84461e+06      156538      -2.95274e+06
80      -1.8446e+06      -1.8446e+06      156538      -2.95273e+06      2.66817e+06      3.66039e+06      99925      -1.8446e+06      156538      -2.95273e+06
81      -1.84459e+06      -1.84459e+06      156538      -2.95272e+06      2.66817e+06      3.66039e+06      99925      -1.84459e+06      156538      -2.95272e+06
82      -1.84458e+06      -1.84458e+06      156537      -2.9527e+06      2.66817e+06      3.66039e+06      99925.1      -1.84458e+06      156537      -2.9527e+06
83      -1.84458e+06      -1.84458e+06      156537      -2.95269e+06      2.66817e+06      3.66039e+06      99925.1      -1.84458e+06      156537      -2.95269e+06
84      -1.84457e+06      -1.84457e+06      156537      -2.95268e+06      2.66817e+06      3.66038e+06      99925.2      -1.84457e+06      156537      -2.95268e+06
85      -1.84456e+06      -1.84456e+06      156537      -2.95267e+06      2.66817e+06      3.66038e+06      99925.2      -1.84456e+06      156537      -2.95267e+06
86      -1.84456e+06      -1.84456e+06      156537      -2.95266e+06      2.66817e+06      3.66038e+06      99925.2      -1.84456e+06      156537      -2.95266e+06
87      -1.84456e+06      -1.84456e+06      156537      -2.95266e+06      2.66817e+06      3.66038e+06      99925.3      -1.84456e+06      156537      -2.95266e+06
88      -1.84455e+06      -1.84455e+06      156537      -2.95265e+06      2.66817e+06      3.66038e+06      99925.3      -1.84455e+06      156537      -2.95265e+06
89      -1.84455e+06      -1.84455e+06      156537      -2.95264e+06      2.66817e+06      3.66038e+06      99925.3      -1.84455e+06      156537      -2.95264e+06
90      -1.84454e+06      -1.84454e+06      156537      -2.95264e+06      2.66817e+06      3.66038e+06      99925.3      -1.84454e+06      156537      -2.95264e+06
91      -1.84454e+06      -1.84454e+06      156537      -2.95263e+06      2.66817e+06      3.66037e+06      99925.4      -1.84454e+06      156537      -2.95263e+06
92      -1.84454e+06      -1.84454e+06      156536      -2.95262e+06      2.66817e+06      3.66037e+06      99925.4      -1.84454e+06      156536      -2.95262e+06
93      -1.84453e+06      -1.84453e+06      156536      -2.95262e+06      2.66817e+06      3.66037e+06      99925.4      -1.84453e+06      156536      -2.95262e+06
94      -1.84453e+06      -1.84453e+06      156536      -2.95261e+06      2.66817e+06      3.66037e+06      99925.4      -1.84453e+06      156536      -2.95261e+06
95      -1.84453e+06      -1.84453e+06      156536      -2.95261e+06      2.66817e+06      3.66037e+06      99925.4      -1.84453e+06      156536      -2.95261e+06
96      -1.84453e+06      -1.84453e+06      156536      -2.95261e+06      2.66817e+06      3.66037e+06      99925.4      -1.84453e+06      156536      -2.95261e+06
97      -1.84452e+06      -1.84452e+06      156536      -2.9526e+06      2.66817e+06      3.66037e+06      99925.5      -1.84452e+06      156536      -2.9526e+06
98      -1.84452e+06      -1.84452e+06      156536      -2.9526e+06      2.66817e+06      3.66037e+06      99925.5      -1.84452e+06      156536      -2.9526e+06
99      -1.84452e+06      -1.84452e+06      156536      -2.9526e+06      2.66817e+06      3.66037e+06      99925.5      -1.84452e+06      156536      -2.9526e+06
100      -1.84452e+06      -1.84452e+06      156536      -2.95259e+06      2.66817e+06      3.66037e+06      99925.5      -1.84452e+06      156536      -2.95259e+06
101      -1.84452e+06      -1.84452e+06      156536      -2.95259e+06      2.66817e+06      3.66037e+06      99925.5      -1.84452e+06      156536      -2.95259e+06
102      -1.84452e+06      -1.84452e+06      156536      -2.95259e+06      2.66817e+06      3.66037e+06      99925.5      -1.84452e+06      156536      -2.95259e+06
103      -1.84451e+06      -1.84451e+06      156536      -2.95259e+06      2.66817e+06      3.66037e+06      99925.5      -1.84451e+06      156536      -2.95259e+06
104      -1.84451e+06      -1.84451e+06      156536      -2.95258e+06      2.66817e+06      3.66037e+06      99925.5      -1.84451e+06      156536      -2.95258e+06
105      -1.84451e+06      -1.84451e+06      156536      -2.95258e+06      2.66817e+06      3.66037e+06      99925.5      -1.84451e+06      156536      -2.95258e+06
106      -1.84451e+06      -1.84451e+06      156536      -2.95258e+06      2.66817e+06      3.66037e+06      99925.5      -1.84451e+06      156536      -2.95258e+06
107      -1.84451e+06      -1.84451e+06      156536      -2.95258e+06      2.66817e+06      3.66037e+06      99925.5      -1.84451e+06      156536      -2.95258e+06
108      -1.84451e+06      -1.84451e+06      156536      -2.95258e+06      2.66817e+06      3.66037e+06      99925.6      -1.84451e+06      156536      -2.95258e+06
109      -1.84451e+06      -1.84451e+06      156536      -2.95258e+06      2.66817e+06      3.66036e+06      99925.6      -1.84451e+06      156536      -2.95258e+06
110      -1.84451e+06      -1.84451e+06      156536      -2.95257e+06      2.66817e+06      3.66036e+06      99925.6      -1.84451e+06      156536      -2.95257e+06
111      -1.84451e+06      -1.84451e+06      156536      -2.95257e+06      2.66817e+06      3.66036e+06      99925.6      -1.84451e+06      156536      -2.95257e+06
112      -1.84451e+06      -1.84451e+06      156536      -2.95257e+06      2.66817e+06      3.66036e+06      99925.6      -1.84451e+06      156536      -2.95257e+06
113      -1.8445e+06      -1.8445e+06      156536      -2.95257e+06      2.66817e+06      3.66036e+06      99925.6      -1.8445e+06      156536      -2.95257e+06
114      -1.8445e+06      -1.8445e+06      156536      -2.95257e+06      2.66817e+06      3.66036e+06      99925.6      -1.8445e+06      156536      -2.95257e+06
115      -1.8445e+06      -1.8445e+06      156536      -2.95257e+06      2.66817e+06      3.66036e+06      99925.6      -1.8445e+06      156536      -2.95257e+06
116      -1.8445e+06      -1.8445e+06      156536      -2.95257e+06      2.66817e+06      3.66036e+06      99925.6      -1.8445e+06      156536      -2.95257e+06
117      -1.8445e+06      -1.8445e+06      156536      -2.95257e+06      2.66817e+06      3.66036e+06      99925.6      -1.8445e+06      156536      -2.95257e+06
118      -1.8445e+06      -1.8445e+06      156536      -2.95257e+06      2.66817e+06      3.66036e+06      99925.6      -1.8445e+06      156536      -2.95257e+06
119      -1.8445e+06      -1.8445e+06      156536      -2.95257e+06      2.66817e+06      3.66036e+06      99925.6      -1.8445e+06      156536      -2.95257e+06
120      -1.8445e+06      -1.8445e+06      156536      -2.95257e+06      2.66817e+06      3.66036e+06      99925.6      -1.8445e+06      156536      -2.95257e+06
121      -1.8445e+06      -1.8445e+06      156536      -2.95256e+06      2.66817e+06      3.66036e+06      99925.6      -1.8445e+06      156536      -2.95256e+06
122      -1.8445e+06      -1.8445e+06      156536      -2.95256e+06      2.66817e+06      3.66036e+06      99925.6      -1.8445e+06      156536      -2.95256e+06
123      -1.8445e+06      -1.8445e+06      156536      -2.95256e+06      2.66817e+06      3.66036e+06      99925.6      -1.8445e+06      156536      -2.95256e+06
124      -1.8445e+06      -1.8445e+06      156536      -2.95256e+06      2.66817e+06      3.66036e+06      99925.6      -1.8445e+06      156536      -2.95256e+06
125      -1.8445e+06      -1.8445e+06      156536      -2.95256e+06      2.66817e+06      3.66036e+06      99925.6      -1.8445e+06      156536      -2.95256e+06
126      -1.8445e+06      -1.8445e+06      156536      -2.95256e+06      2.66817e+06      3.66036e+06      99925.6      -1.8445e+06      156536      -2.95256e+06
127      -1.8445e+06      -1.8445e+06      156536      -2.95256e+06      2.66817e+06      3.66036e+06      99925.6      -1.8445e+06      156536      -2.95256e+06
128      -1.8445e+06      -1.8445e+06      156536      -2.95256e+06      2.66817e+06      3.66036e+06      99925.6      -1.8445e+06      156536      -2.95256e+06
129      -1.8445e+06      -1.8445e+06      156536      -2.95256e+06      2.66817e+06      3.66036e+06      99925.6      -1.8445e+06      156536      -2.95256e+06
130      -1.8445e+06      -1.8445e+06      156536      -2.95256e+06      2.66817e+06      3.66036e+06      99925.6      -1.8445e+06      156536      -2.95256e+06
131      -1.8445e+06      -1.8445e+06      156536      -2.95256e+06      2.66817e+06      3.66036e+06      99925.6      -1.8445e+06      156536      -2.95256e+06
132      -1.8445e+06      -1.8445e+06      156536      -2.95256e+06      2.66817e+06      3.66036e+06      99925.6      -1.8445e+06      156536      -2.95256e+06
133      -1.8445e+06      -1.8445e+06      156536      -2.95256e+06      2.66817e+06      3.66036e+06      99925.6      -1.8445e+06      156536      -2.95256e+06
134      -1.8445e+06      -1.8445e+06      156536      -2.95256e+06      2.66817e+06      3.66036e+06      99925.6      -1.8445e+06      156536      -2.95256e+06
135      -1.8445e+06      -1.8445e+06      156536      -2.95256e+06      2.66817e+06      3.66036e+06      99925.6      -1.8445e+06      156536      -2.95256e+06
136      -1.8445e+06      -1.8445e+06      156536      -2.95256e+06      2.66817e+06      3.66036e+06      99925.6      -1.8445e+06      156536      -2.95256e+06
137      -1.8445e+06      -1.8445e+06      156536      -2.95256e+06      2.66817e+06      3.66036e+06      99925.6      -1.8445e+06      156536      -2.95256e+06
138      -1.8445e+06      -1.8445e+06      156536      -2.95256e+06      2.66817e+06      3.66036e+06      99925.6      -1.8445e+06      156536      -2.95256e+06
139      -1.8445e+06      -1.8445e+06      156536      -2.95256e+06      2.66817e+06      3.66036e+06      99925.6      -1.8445e+06      156536      -2.95256e+06
140      -1.8445e+06      -1.8445e+06      156536      -2.95256e+06      2.66817e+06      3.66036e+06      99925.6      -1.8445e+06      156536      -2.95256e+06
