0      1.20563e+06      1.37462e+06      157026      -590414      1.47672e+07      1.42508e+07      1.41081e+06      1.37462e+06      157026      -590414
1      -1.60636e+06      -1.8767e+06      143782      1.19431e+06      2.41239e+07      2.49499e+07      2.48192e+06      -1.8767e+06      143782      1.19431e+06
2      -6.07214e+06      -6.98806e+06      86958.2      3.18688e+06      2.96513e+07      3.24499e+07      3.23709e+06      -6.98806e+06      86958.2      3.18688e+06
3      -1.14238e+07      -1.30716e+07      26859.3      4.8649e+06      3.2873e+07      3.79082e+07      3.78838e+06      -1.30716e+07      26859.3      4.8649e+06
4      -1.72611e+07      -1.96467e+07      2042.63      5.63335e+06      3.4665e+07      4.19544e+07      4.19525e+06      -1.96467e+07      2042.63      5.63335e+06
5      -2.30929e+07      -2.61596e+07      19773.4      5.41611e+06      3.54123e+07      4.47826e+07      4.47646e+06      -2.61596e+07      19773.4      5.41611e+06
6      -2.84424e+07      -3.20886e+07      71639.8      4.42043e+06      3.5397e+07      4.65381e+07      4.64729e+06      -3.20886e+07      71639.8      4.42043e+06
7      -3.28154e+07      -3.69018e+07      140488      3.01765e+06      3.48812e+07      4.73676e+07      4.72399e+06      -3.69018e+07      140488      3.01765e+06
8      -3.62121e+07      -4.06307e+07      200498      1.7554e+06      3.41897e+07      4.76911e+07      4.75088e+06      -4.06307e+07      200498      1.7554e+06
9      -3.88115e+07      -4.34812e+07      248060      735479      3.35227e+07      4.77912e+07      4.75657e+06      -4.34812e+07      248060      735479
10      -4.08003e+07      -4.56613e+07      284683      -59023.8      3.2953e+07      4.7806e+07      4.75472e+06      -4.56613e+07      284683      -59023.8
11      -4.23275e+07      -4.73352e+07      312669      -670416      3.24916e+07      4.77931e+07      4.75089e+06      -4.73352e+07      312669      -670416
12      -4.35042e+07      -4.86252e+07      334037      -1.13927e+06      3.21268e+07      4.77743e+07      4.74706e+06      -4.86252e+07      334037      -1.13927e+06
13      -4.44131e+07      -4.96217e+07      350370      -1.4987e+06      3.18416e+07      4.77567e+07      4.74382e+06      -4.96217e+07      350370      -1.4987e+06
14      -4.5116e+07      -5.03924e+07      362875      -1.77447e+06      3.16197e+07      4.77422e+07      4.74123e+06      -5.03924e+07      362875      -1.77447e+06
15      -4.56599e+07      -5.0989e+07      372464      -1.98627e+06      3.14475e+07      4.77308e+07      4.73922e+06      -5.0989e+07      372464      -1.98627e+06
16      -4.60809e+07      -5.14507e+07      379829      -2.14913e+06      3.13141e+07      4.77219e+07      4.73766e+06      -5.14507e+07      379829      -2.14913e+06
17      -4.64067e+07      -5.18081e+07      385492      -2.27448e+06      3.12107e+07      4.77152e+07      4.73647e+06      -5.18081e+07      385492      -2.27448e+06
18      -4.66589e+07      -5.20848e+07      389851      -2.37105e+06      3.11307e+07      4.771e+07      4.73556e+06      -5.20848e+07      389851      -2.37105e+06
19      -4.6854e+07      -5.22989e+07      393210      -2.4455e+06      3.10688e+07      4.7706e+07      4.73485e+06      -5.22989e+07      393210      -2.4455e+06
20      -4.7005e+07      -5.24646e+07      395800      -2.50292e+06      3.10209e+07      4.7703e+07      4.73431e+06      -5.24646e+07      395800      -2.50292e+06
21      -4.71218e+07      -5.25928e+07      397798      -2.54724e+06      3.09839e+07      4.77006e+07      4.7339e+06      -5.25928e+07      397798      -2.54724e+06
22      -4.72122e+07      -5.26919e+07      399340      -2.58146e+06      3.09552e+07      4.76988e+07      4.73358e+06      -5.26919e+07      399340      -2.58146e+06
23      -4.72821e+07      -5.27686e+07      400530      -2.60789e+06      3.0933e+07      4.76975e+07      4.73333e+06      -5.27686e+07      400530      -2.60789e+06
24      -4.73361e+07      -5.28279e+07      401450      -2.62831e+06      3.09159e+07      4.76964e+07      4.73315e+06      -5.28279e+07      401450      -2.62831e+06
25      -4.73779e+07      -5.28738e+07      402161      -2.64408e+06      3.09026e+07      4.76956e+07      4.733e+06      -5.28738e+07      402161      -2.64408e+06
26      -4.74103e+07      -5.29093e+07      402710      -2.65628e+06      3.08924e+07      4.7695e+07      4.73289e+06      -5.29093e+07      402710      -2.65628e+06
27      -4.74353e+07      -5.29368e+07      403134      -2.6657e+06      3.08844e+07      4.76945e+07      4.7328e+06      -5.29368e+07      403134      -2.6657e+06
28      -4.74546e+07      -5.2958e+07      403462      -2.67298e+06      3.08783e+07      4.76941e+07      4.73273e+06      -5.2958e+07      403462      -2.67298e+06
29      -4.74696e+07      -5.29744e+07      403715      -2.67861e+06      3.08736e+07      4.76938e+07      4.73268e+06      -5.29744e+07      403715      -2.67861e+06
30      -4.74812e+07      -5.29871e+07      403911      -2.68297e+06      3.08699e+07      4.76936e+07      4.73264e+06      -5.29871e+07      403911      -2.68297e+06
31      -4.74901e+07      -5.29969e+07      404063      -2.68633e+06      3.08671e+07      4.76934e+07      4.73261e+06      -5.29969e+07      404063      -2.68633e+06
32      -4.7497e+07      -5.30045e+07      404180      -2.68893e+06      3.08649e+07      4.76933e+07      4.73258e+06      -5.30045e+07      404180      -2.68893e+06
33      -4.75024e+07      -5.30104e+07      404271      -2.69094e+06      3.08632e+07      4.76932e+07      4.73257e+06      -5.30104e+07      404271      -2.69094e+06
34      -4.75065e+07      -5.30149e+07      404341      -2.6925e+06      3.08619e+07      4.76931e+07      4.73255e+06      -5.30149e+07      404341      -2.6925e+06
35      -4.75097e+07      -5.30184e+07      404395      -2.6937e+06      3.08608e+07      4.7693e+07      4.73254e+06      -5.30184e+07      404395      -2.6937e+06
36      -4.75122e+07      -5.30211e+07      404437      -2.69463e+06      3.08601e+07      4.7693e+07      4.73253e+06      -5.30211e+07      404437      -2.69463e+06
37      -4.75141e+07      -5.30232e+07      404469      -2.69535e+06      3.08595e+07      4.76929e+07      4.73253e+06      -5.30232e+07      404469      -2.69535e+06
38      -4.75156e+07      -5.30248e+07      404494      -2.69591e+06      3.0859e+07      4.76929e+07      4.73252e+06      -5.30248e+07      404494      -2.69591e+06
39      -4.75167e+07      -5.30261e+07      404513      -2.69634e+06      3.08586e+07      4.76929e+07      4.73252e+06      -5.30261e+07      404513      -2.69634e+06
40      -4.75176e+07      -5.30271e+07      404528      -2.69667e+06      3.08583e+07      4.76929e+07      4.73251e+06      -5.30271e+07      404528      -2.69667e+06
41      -4.75183e+07      -5.30278e+07      404540      -2.69693e+06      3.08581e+07      4.76929e+07      4.73251e+06      -5.30278e+07      404540      -2.69693e+06
42      -4.75188e+07      -5.30284e+07      404549      -2.69712e+06      3.0858e+07      4.76929e+07      4.73251e+06      -5.30284e+07      404549      -2.69712e+06
43      -4.75192e+07      -5.30288e+07      404556      -2.69728e+06      3.08578e+07      4.76929e+07      4.73251e+06      -5.30288e+07      404556      -2.69728e+06
44      -4.75195e+07      -5.30292e+07      404561      -2.6974e+06      3.08577e+07      4.76928e+07      4.73251e+06      -5.30292e+07      404561      -2.6974e+06
45      -4.75198e+07      -5.30295e+07      404565      -2.69749e+06      3.08576e+07      4.76928e+07      4.73251e+06      -5.30295e+07      404565      -2.69749e+06
46      -4.75199e+07      -5.30297e+07      404568      -2.69756e+06      3.08576e+07      4.76928e+07      4.7325e+06      -5.30297e+07      404568      -2.69756e+06
47      -4.75201e+07      -5.30298e+07      404571      -2.69762e+06      3.08575e+07      4.76928e+07      4.7325e+06      -5.30298e+07      404571      -2.69762e+06
48      -4.75202e+07      -5.30299e+07      404573      -2.69766e+06      3.08575e+07      4.76928e+07      4.7325e+06      -5.30299e+07      404573      -2.69766e+06
49      -4.75203e+07      -5.303e+07      404574      -2.69769e+06      3.08575e+07      4.76928e+07      4.7325e+06      -5.303e+07      404574      -2.69769e+06
50      -4.75204e+07      -5.30301e+07      404575      -2.69772e+06      3.08575e+07      4.76928e+07      4.7325e+06      -5.30301e+07      404575      -2.69772e+06
51      -4.75204e+07      -5.30302e+07      404576      -2.69774e+06      3.08574e+07      4.76928e+07      4.7325e+06      -5.30302e+07      404576      -2.69774e+06
52      -4.75205e+07      -5.30302e+07      404577      -2.69775e+06      3.08574e+07      4.76928e+07      4.7325e+06      -5.30302e+07      404577      -2.69775e+06
53      -4.75205e+07      -5.30303e+07      404578      -2.69776e+06      3.08574e+07      4.76928e+07      4.7325e+06      -5.30303e+07      404578      -2.69776e+06
54      -4.75205e+07      -5.30303e+07      404578      -2.69777e+06      3.08574e+07      4.76928e+07      4.7325e+06      -5.30303e+07      404578      -2.69777e+06
55      -4.75205e+07      -5.30303e+07      404578      -2.69778e+06      3.08574e+07      4.76928e+07      4.7325e+06      -5.30303e+07      404578      -2.69778e+06
56      -4.75205e+07      -5.30303e+07      404579      -2.69778e+06      3.08574e+07      4.76928e+07      4.7325e+06      -5.30303e+07      404579      -2.69778e+06
57      -4.75206e+07      -5.30303e+07      404579      -2.69779e+06      3.08574e+07      4.76928e+07      4.7325e+06      -5.30303e+07      404579      -2.69779e+06
58      -4.75206e+07      -5.30303e+07      404579      -2.69779e+06      3.08574e+07      4.76928e+07      4.7325e+06      -5.30303e+07      404579      -2.69779e+06
59      -4.75206e+07      -5.30303e+07      404579      -2.69779e+06      3.08574e+07      4.76928e+07      4.7325e+06      -5.30303e+07      404579      -2.69779e+06
60      -4.75206e+07      -5.30304e+07      404579      -2.6978e+06      3.08574e+07      4.76928e+07      4.7325e+06      -5.30304e+07      404579      -2.6978e+06
61      -4.75206e+07      -5.30304e+07      404579      -2.6978e+06      3.08574e+07      4.76928e+07      4.7325e+06      -5.30304e+07      404579      -2.6978e+06
62      -4.75206e+07      -5.30304e+07      404579      -2.6978e+06      3.08574e+07      4.76928e+07      4.7325e+06      -5.30304e+07      404579      -2.6978e+06
63      -4.75206e+07      -5.30304e+07      404579      -2.6978e+06      3.08574e+07      4.76928e+07      4.7325e+06      -5.30304e+07      404579      -2.6978e+06
64      -4.75206e+07      -5.30304e+07      404579      -2.6978e+06      3.08574e+07      4.76928e+07      4.7325e+06      -5.30304e+07      404579      -2.6978e+06
65      -4.75206e+07      -5.30304e+07      404579      -2.6978e+06      3.08574e+07      4.76928e+07      4.7325e+06      -5.30304e+07      404579      -2.6978e+06
66      -4.75206e+07      -5.30304e+07      404579      -2.6978e+06      3.08574e+07      4.76928e+07      4.7325e+06      -5.30304e+07      404579      -2.6978e+06
67      -4.75206e+07      -5.30304e+07      404579      -2.6978e+06      3.08574e+07      4.76928e+07      4.7325e+06      -5.30304e+07      404579      -2.6978e+06
68      -4.75206e+07      -5.30304e+07      404579      -2.6978e+06      3.08574e+07      4.76928e+07      4.7325e+06      -5.30304e+07      404579      -2.6978e+06
