0      64552.8      78473.1      2107.68      -40046      803642      752085      75208.5      78473.1      2107.68      -40046
1      -142333      -174701      -5763.97      109515      1.28881e+06      1.40869e+06      140869      -174701      -5763.97      109515
2      -405108      -490469      -11895.8      226020      1.51731e+06      1.83346e+06      183346      -490469      -11895.8      226020
3      -714900      -859623      -17048.2      323916      1.62115e+06      2.15716e+06      215716      -859623      -17048.2      323916
4      -1.03484e+06      -1.23284e+06      -17014.6      323278      1.65595e+06      2.38927e+06      238927      -1.23284e+06      -17014.6      323278
5      -1.34554e+06      -1.59007e+06      -13510      256691      1.64934e+06      2.55498e+06      255498      -1.59007e+06      -13510      256691
6      -1.61563e+06      -1.89614e+06      -7490.15      142313      1.62009e+06      2.65901e+06      265901      -1.89614e+06      -7490.15      142313
7      -1.81001e+06      -2.11327e+06      -1067.04      20273.9      1.58143e+06      2.70464e+06      270464      -2.11327e+06      -1067.04      20273.9
8      -1.93778e+06      -2.25496e+06      3856.78      -73278.7      1.54405e+06      2.71879e+06      271879      -2.25496e+06      3856.78      -73278.7
9      -2.01966e+06      -2.34541e+06      7237.49      -137512      1.51413e+06      2.72062e+06      272062      -2.34541e+06      7237.49      -137512
10      -2.07225e+06      -2.40343e+06      9462.68      -179791      1.49233e+06      2.71893e+06      271893      -2.40343e+06      9462.68      -179791
11      -2.1065e+06      -2.44122e+06      10907.4      -207240      1.47717e+06      2.71688e+06      271688      -2.44122e+06      10907.4      -207240
12      -2.12921e+06      -2.46631e+06      11844.7      -225050      1.46681e+06      2.71533e+06      271533      -2.46631e+06      11844.7      -225050
13      -2.14453e+06      -2.48326e+06      12456.5      -236674      1.45977e+06      2.71435e+06      271435      -2.48326e+06      12456.5      -236674
14      -2.15504e+06      -2.49492e+06      12859.7      -244334      1.45495e+06      2.71378e+06      271378      -2.49492e+06      12859.7      -244334
15      -2.16236e+06      -2.50306e+06      13128.4      -249440      1.45162e+06      2.71348e+06      271348      -2.50306e+06      13128.4      -249440
16      -2.16753e+06      -2.50882e+06      13309.9      -252888      1.4493e+06      2.71334e+06      271334      -2.50882e+06      13309.9      -252888
17      -2.17123e+06      -2.51295e+06      13434.1      -255248      1.44766e+06      2.71329e+06      271329      -2.51295e+06      13434.1      -255248
18      -2.17391e+06      -2.51595e+06      13520.3      -256886      1.44648e+06      2.71329e+06      271329      -2.51595e+06      13520.3      -256886
19      -2.17587e+06      -2.51814e+06      13580.9      -258037      1.44563e+06      2.71331e+06      271331      -2.51814e+06      13580.9      -258037
20      -2.17731e+06      -2.51975e+06      13624      -258856      1.44501e+06      2.71334e+06      271334      -2.51975e+06      13624      -258856
21      -2.17837e+06      -2.52095e+06      13655.1      -259447      1.44456e+06      2.71337e+06      271337      -2.52095e+06      13655.1      -259447
22      -2.17917e+06      -2.52185e+06      13677.7      -259876      1.44422e+06      2.7134e+06      271340      -2.52185e+06      13677.7      -259876
23      -2.17977e+06      -2.52253e+06      13694.3      -260191      1.44397e+06      2.71343e+06      271343      -2.52253e+06      13694.3      -260191
24      -2.18022e+06      -2.52304e+06      13706.6      -260425      1.44378e+06      2.71345e+06      271345      -2.52304e+06      13706.6      -260425
25      -2.18057e+06      -2.52342e+06      13715.7      -260598      1.44363e+06      2.71346e+06      271346      -2.52342e+06      13715.7      -260598
26      -2.18083e+06      -2.52371e+06      13722.6      -260729      1.44353e+06      2.71348e+06      271348      -2.52371e+06      13722.6      -260729
27      -2.18102e+06      -2.52393e+06      13727.7      -260827      1.44344e+06      2.71349e+06      271349      -2.52393e+06      13727.7      -260827
28      -2.18117e+06      -2.5241e+06      13731.6      -260901      1.44338e+06      2.7135e+06      271350      -2.5241e+06      13731.6      -260901
29      -2.18129e+06      -2.52423e+06      13734.6      -260957      1.44333e+06      2.7135e+06      271350      -2.52423e+06      13734.6      -260957
30      -2.18137e+06      -2.52433e+06      13736.8      -260999      1.4433e+06      2.71351e+06      271351      -2.52433e+06      13736.8      -260999
31      -2.18144e+06      -2.52441e+06      13738.5      -261032      1.44327e+06      2.71351e+06      271351      -2.52441e+06      13738.5      -261032
32      -2.18149e+06      -2.52446e+06      13739.8      -261057      1.44325e+06      2.71352e+06      271352      -2.52446e+06      13739.8      -261057
33      -2.18153e+06      -2.52451e+06      13740.8      -261075      1.44323e+06      2.71352e+06      271352      -2.52451e+06      13740.8      -261075
34      -2.18156e+06      -2.52454e+06      13741.6      -261090      1.44322e+06      2.71352e+06      271352      -2.52454e+06      13741.6      -261090
35      -2.18158e+06      -2.52457e+06      13742.2      -261101      1.44321e+06      2.71352e+06      271352      -2.52457e+06      13742.2      -261101
36      -2.1816e+06      -2.52459e+06      13742.6      -261109      1.4432e+06      2.71352e+06      271352      -2.52459e+06      13742.6      -261109
37      -2.18162e+06      -2.5246e+06      13742.9      -261116      1.4432e+06      2.71352e+06      271352      -2.5246e+06      13742.9      -261116
38      -2.18163e+06      -2.52462e+06      13743.2      -261121      1.44319e+06      2.71352e+06      271352      -2.52462e+06      13743.2      -261121
39      -2.18163e+06      -2.52462e+06      13743.4      -261125      1.44319e+06      2.71353e+06      271353      -2.52462e+06      13743.4      -261125
40      -2.18164e+06      -2.52463e+06      13743.6      -261127      1.44319e+06      2.71353e+06      271353      -2.52463e+06      13743.6      -261127
41      -2.18164e+06      -2.52464e+06      13743.7      -261130      1.44319e+06      2.71353e+06      271353      -2.52464e+06      13743.7      -261130
42      -2.18165e+06      -2.52464e+06      13743.8      -261131      1.44318e+06      2.71353e+06      271353      -2.52464e+06      13743.8      -261131
43      -2.18165e+06      -2.52464e+06      13743.8      -261133      1.44318e+06      2.71353e+06      271353      -2.52464e+06      13743.8      -261133
44      -2.18165e+06      -2.52465e+06      13743.9      -261134      1.44318e+06      2.71353e+06      271353      -2.52465e+06      13743.9      -261134
45      -2.18166e+06      -2.52465e+06      13743.9      -261135      1.44318e+06      2.71353e+06      271353      -2.52465e+06      13743.9      -261135
46      -2.18166e+06      -2.52465e+06      13744      -261135      1.44318e+06      2.71353e+06      271353      -2.52465e+06      13744      -261135
47      -2.18166e+06      -2.52465e+06      13744      -261136      1.44318e+06      2.71353e+06      271353      -2.52465e+06      13744      -261136
48      -2.18166e+06      -2.52465e+06      13744      -261136      1.44318e+06      2.71353e+06      271353      -2.52465e+06      13744      -261136
49      -2.18166e+06      -2.52465e+06      13744      -261136      1.44318e+06      2.71353e+06      271353      -2.52465e+06      13744      -261136
50      -2.18166e+06      -2.52465e+06      13744      -261136      1.44318e+06      2.71353e+06      271353      -2.52465e+06      13744      -261136
51      -2.18166e+06      -2.52465e+06      13744      -261137      1.44318e+06      2.71353e+06      271353      -2.52465e+06      13744      -261137
