0      108847      106009      138040      -3236.64      3.84463e+06      3.83706e+06      61612.5      106009      138040      -3236.64
1      -359361      -321395      231469      158418      6.48579e+06      6.58704e+06      118608      -321395      231469      158418
2      -1.14003e+06      -1.04437e+06      299718      213235      8.40006e+06      8.65513e+06      166171      -1.04437e+06      299718      213235
3      -2.01241e+06      -1.85975e+06      345233      87642.8      9.63806e+06      1.00452e+07      198973      -1.85975e+06      345233      87642.8
4      -2.88263e+06      -2.67806e+06      376216      -167945      1.04403e+07      1.09858e+07      220747      -2.67806e+06      376216      -167945
5      -3.66811e+06      -3.42058e+06      395621      -503860      1.09009e+07      1.1561e+07      232984      -3.42058e+06      395621      -503860
6      -4.3475e+06      -4.06556e+06      407409      -869589      1.11422e+07      1.18941e+07      238785      -4.06556e+06      407409      -869589
7      -4.88881e+06      -4.58175e+06      413446      -1.2248e+06      1.12258e+07      1.20446e+07      239757      -4.58175e+06      413446      -1.2248e+06
8      -5.31086e+06      -4.98509e+06      416291      -1.52549e+06      1.12335e+07      1.21022e+07      238873      -4.98509e+06      416291      -1.52549e+06
9      -5.64052e+06      -5.30051e+06      417669      -1.77037e+06      1.12136e+07      1.21203e+07      237464      -5.30051e+06      417669      -1.77037e+06
10      -5.90048e+06      -5.54939e+06      418402      -1.96767e+06      1.1187e+07      1.21232e+07      236051      -5.54939e+06      418402      -1.96767e+06
11      -6.10748e+06      -5.74764e+06      418840      -2.12646e+06      1.11614e+07      1.2121e+07      234803      -5.74764e+06      418840      -2.12646e+06
12      -6.2736e+06      -5.90675e+06      419133      -2.25449e+06      1.11391e+07      1.21173e+07      233754      -5.90675e+06      419133      -2.25449e+06
13      -6.40762e+06      -6.03513e+06      419344      -2.35796e+06      1.11203e+07      1.21136e+07      232891      -6.03513e+06      419344      -2.35796e+06
14      -6.51613e+06      -6.13908e+06      419504      -2.44173e+06      1.11048e+07      1.21103e+07      232188      -6.13908e+06      419504      -2.44173e+06
15      -6.60419e+06      -6.22342e+06      419630      -2.50964e+06      1.10921e+07      1.21075e+07      231617      -6.22342e+06      419630      -2.50964e+06
16      -6.67573e+06      -6.29195e+06      419729      -2.56475e+06      1.10818e+07      1.21052e+07      231154      -6.29195e+06      419729      -2.56475e+06
17      -6.73391e+06      -6.34767e+06      419809      -2.60949e+06      1.10734e+07      1.21033e+07      230780      -6.34767e+06      419809      -2.60949e+06
18      -6.78122e+06      -6.39298e+06      419874      -2.64583e+06      1.10665e+07      1.21018e+07      230477      -6.39298e+06      419874      -2.64583e+06
19      -6.81971e+06      -6.42984e+06      419926      -2.67535e+06      1.1061e+07      1.21006e+07      230231      -6.42984e+06      419926      -2.67535e+06
20      -6.85101e+06      -6.45983e+06      419969      -2.69934e+06      1.10564e+07      1.20996e+07      230032      -6.45983e+06      419969      -2.69934e+06
21      -6.87648e+06      -6.48421e+06      420003      -2.71883e+06      1.10528e+07      1.20988e+07      229871      -6.48421e+06      420003      -2.71883e+06
22      -6.89719e+06      -6.50404e+06      420031      -2.73467e+06      1.10498e+07      1.20981e+07      229741      -6.50404e+06      420031      -2.73467e+06
23      -6.91403e+06      -6.52017e+06      420054      -2.74754e+06      1.10473e+07      1.20976e+07      229635      -6.52017e+06      420054      -2.74754e+06
24      -6.92772e+06      -6.53329e+06      420073      -2.758e+06      1.10454e+07      1.20972e+07      229549      -6.53329e+06      420073      -2.758e+06
25      -6.93885e+06      -6.54395e+06      420088      -2.76649e+06      1.10438e+07      1.20968e+07      229479      -6.54395e+06      420088      -2.76649e+06
26      -6.94791e+06      -6.55261e+06      420100      -2.7734e+06      1.10424e+07      1.20966e+07      229423      -6.55261e+06      420100      -2.7734e+06
27      -6.95526e+06      -6.55966e+06      420110      -2.77901e+06      1.10414e+07      1.20963e+07      229377      -6.55966e+06      420110      -2.77901e+06
28      -6.96124e+06      -6.56539e+06      420118      -2.78357e+06      1.10405e+07      1.20962e+07      229340      -6.56539e+06      420118      -2.78357e+06
29      -6.96611e+06      -6.57004e+06      420125      -2.78728e+06      1.10398e+07      1.2096e+07      229310      -6.57004e+06      420125      -2.78728e+06
30      -6.97006e+06      -6.57383e+06      420130      -2.79029e+06      1.10393e+07      1.20959e+07      229285      -6.57383e+06      420130      -2.79029e+06
31      -6.97327e+06      -6.5769e+06      420134      -2.79274e+06      1.10388e+07      1.20958e+07      229265      -6.5769e+06      420134      -2.79274e+06
32      -6.97588e+06      -6.5794e+06      420138      -2.79473e+06      1.10384e+07      1.20957e+07      229249      -6.5794e+06      420138      -2.79473e+06
33      -6.978e+06      -6.58143e+06      420141      -2.79634e+06      1.10381e+07      1.20956e+07      229236      -6.58143e+06      420141      -2.79634e+06
34      -6.97972e+06      -6.58308e+06      420143      -2.79766e+06      1.10379e+07      1.20956e+07      229225      -6.58308e+06      420143      -2.79766e+06
35      -6.98112e+06      -6.58442e+06      420145      -2.79872e+06      1.10377e+07      1.20955e+07      229216      -6.58442e+06      420145      -2.79872e+06
36      -6.98226e+06      -6.58551e+06      420146      -2.79959e+06      1.10375e+07      1.20955e+07      229209      -6.58551e+06      420146      -2.79959e+06
37      -6.98319e+06      -6.5864e+06      420148      -2.80029e+06      1.10374e+07      1.20955e+07      229203      -6.5864e+06      420148      -2.80029e+06
38      -6.98394e+06      -6.58712e+06      420149      -2.80087e+06      1.10373e+07      1.20955e+07      229199      -6.58712e+06      420149      -2.80087e+06
39      -6.98455e+06      -6.5877e+06      420150      -2.80133e+06      1.10372e+07      1.20954e+07      229195      -6.5877e+06      420150      -2.80133e+06
40      -6.98505e+06      -6.58818e+06      420150      -2.80171e+06      1.10371e+07      1.20954e+07      229192      -6.58818e+06      420150      -2.80171e+06
41      -6.98545e+06      -6.58856e+06      420151      -2.80202e+06      1.10371e+07      1.20954e+07      229189      -6.58856e+06      420151      -2.80202e+06
42      -6.98578e+06      -6.58888e+06      420151      -2.80227e+06      1.1037e+07      1.20954e+07      229187      -6.58888e+06      420151      -2.80227e+06
43      -6.98604e+06      -6.58913e+06      420152      -2.80247e+06      1.1037e+07      1.20954e+07      229186      -6.58913e+06      420152      -2.80247e+06
44      -6.98626e+06      -6.58934e+06      420152      -2.80263e+06      1.10369e+07      1.20954e+07      229184      -6.58934e+06      420152      -2.80263e+06
45      -6.98644e+06      -6.58951e+06      420152      -2.80277e+06      1.10369e+07      1.20954e+07      229183      -6.58951e+06      420152      -2.80277e+06
46      -6.98658e+06      -6.58965e+06      420152      -2.80288e+06      1.10369e+07      1.20954e+07      229182      -6.58965e+06      420152      -2.80288e+06
47      -6.98669e+06      -6.58976e+06      420152      -2.80296e+06      1.10369e+07      1.20954e+07      229182      -6.58976e+06      420152      -2.80296e+06
48      -6.98679e+06      -6.58985e+06      420153      -2.80304e+06      1.10369e+07      1.20954e+07      229181      -6.58985e+06      420153      -2.80304e+06
49      -6.98687e+06      -6.58992e+06      420153      -2.8031e+06      1.10368e+07      1.20954e+07      229181      -6.58992e+06      420153      -2.8031e+06
50      -6.98693e+06      -6.58998e+06      420153      -2.80314e+06      1.10368e+07      1.20954e+07      229180      -6.58998e+06      420153      -2.80314e+06
51      -6.98698e+06      -6.59003e+06      420153      -2.80318e+06      1.10368e+07      1.20954e+07      229180      -6.59003e+06      420153      -2.80318e+06
52      -6.98702e+06      -6.59007e+06      420153      -2.80321e+06      1.10368e+07      1.20954e+07      229180      -6.59007e+06      420153      -2.80321e+06
53      -6.98705e+06      -6.5901e+06      420153      -2.80324e+06      1.10368e+07      1.20954e+07      229179      -6.5901e+06      420153      -2.80324e+06
54      -6.98708e+06      -6.59013e+06      420153      -2.80326e+06      1.10368e+07      1.20954e+07      229179      -6.59013e+06      420153      -2.80326e+06
55      -6.9871e+06      -6.59015e+06      420153      -2.80328e+06      1.10368e+07      1.20954e+07      229179      -6.59015e+06      420153      -2.80328e+06
56      -6.98712e+06      -6.59016e+06      420153      -2.80329e+06      1.10368e+07      1.20954e+07      229179      -6.59016e+06      420153      -2.80329e+06
57      -6.98713e+06      -6.59018e+06      420153      -2.8033e+06      1.10368e+07      1.20954e+07      229179      -6.59018e+06      420153      -2.8033e+06
58      -6.98715e+06      -6.59019e+06      420153      -2.80331e+06      1.10368e+07      1.20954e+07      229179      -6.59019e+06      420153      -2.80331e+06
59      -6.98716e+06      -6.5902e+06      420153      -2.80332e+06      1.10368e+07      1.20954e+07      229179      -6.5902e+06      420153      -2.80332e+06
60      -6.98716e+06      -6.59021e+06      420153      -2.80332e+06      1.10368e+07      1.20954e+07      229179      -6.59021e+06      420153      -2.80332e+06
61      -6.98717e+06      -6.59021e+06      420153      -2.80333e+06      1.10368e+07      1.20954e+07      229179      -6.59021e+06      420153      -2.80333e+06
62      -6.98718e+06      -6.59022e+06      420153      -2.80333e+06      1.10368e+07      1.20954e+07      229179      -6.59022e+06      420153      -2.80333e+06
63      -6.98718e+06      -6.59022e+06      420153      -2.80333e+06      1.10368e+07      1.20954e+07      229179      -6.59022e+06      420153      -2.80333e+06
64      -6.98718e+06      -6.59022e+06      420153      -2.80334e+06      1.10368e+07      1.20954e+07      229179      -6.59022e+06      420153      -2.80334e+06
65      -6.98719e+06      -6.59023e+06      420153      -2.80334e+06      1.10368e+07      1.20954e+07      229179      -6.59023e+06      420153      -2.80334e+06
66      -6.98719e+06      -6.59023e+06      420153      -2.80334e+06      1.10368e+07      1.20954e+07      229179      -6.59023e+06      420153      -2.80334e+06
67      -6.98719e+06      -6.59023e+06      420153      -2.80334e+06      1.10368e+07      1.20954e+07      229179      -6.59023e+06      420153      -2.80334e+06
68      -6.98719e+06      -6.59023e+06      420153      -2.80334e+06      1.10368e+07      1.20954e+07      229179      -6.59023e+06      420153      -2.80334e+06
69      -6.98719e+06      -6.59023e+06      420153      -2.80334e+06      1.10368e+07      1.20954e+07      229179      -6.59023e+06      420153      -2.80334e+06
70      -6.98719e+06      -6.59023e+06      420153      -2.80334e+06      1.10368e+07      1.20954e+07      229179      -6.59023e+06      420153      -2.80334e+06
71      -6.98719e+06      -6.59024e+06      420153      -2.80335e+06      1.10368e+07      1.20954e+07      229179      -6.59024e+06      420153      -2.80335e+06
