0      492898      538550      48903.8      -280497      4.54382e+06      4.12111e+06      408199      538550      48903.8      -280497
1      -1.33929e+06      -1.48143e+06      -499.293      1.11222e+06      7.65746e+06      8.97353e+06      897393      -1.48143e+06      -499.293      1.11222e+06
2      -4.35148e+06      -4.73975e+06      -11024.3      1.66183e+06      1.00771e+07      1.36721e+07      1.36809e+06      -4.73975e+06      -11024.3      1.66183e+06
3      -7.72355e+06      -8.34518e+06      31498      1.09816e+06      1.18073e+07      1.75631e+07      1.75379e+06      -8.34518e+06      31498      1.09816e+06
4      -1.09805e+07      -1.18003e+07      108555      -209606      1.29545e+07      2.05448e+07      2.0458e+06      -1.18003e+07      108555      -209606
5      -1.37091e+07      -1.46749e+07      199879      -1.86278e+06      1.35968e+07      2.25396e+07      2.23797e+06      -1.46749e+07      199879      -1.86278e+06
6      -1.57989e+07      -1.68633e+07      287821      -3.50316e+06      1.38791e+07      2.37342e+07      2.35039e+06      -1.68633e+07      287821      -3.50316e+06
7      -1.71919e+07      -1.83126e+07      358918      -4.85599e+06      1.39222e+07      2.42995e+07      2.40124e+06      -1.83126e+07      358918      -4.85599e+06
8      -1.80678e+07      -1.92202e+07      408621      -5.81534e+06      1.38579e+07      2.45276e+07      2.42007e+06      -1.92202e+07      408621      -5.81534e+06
9      -1.8614e+07      -1.97844e+07      441570      -6.45763e+06      1.37713e+07      2.46087e+07      2.42555e+06      -1.97844e+07      441570      -6.45763e+06
10      -1.89591e+07      -2.01404e+07      463092      -6.87996e+06      1.36954e+07      2.46333e+07      2.42628e+06      -2.01404e+07      463092      -6.87996e+06
11      -1.91817e+07      -2.03698e+07      477167      -7.15738e+06      1.36373e+07      2.46385e+07      2.42567e+06      -2.03698e+07      477167      -7.15738e+06
12      -1.93285e+07      -2.05211e+07      486439      -7.34063e+06      1.35954e+07      2.46381e+07      2.42489e+06      -2.05211e+07      486439      -7.34063e+06
13      -1.94271e+07      -2.06228e+07      492598      -7.46264e+06      1.35658e+07      2.46367e+07      2.42426e+06      -2.06228e+07      492598      -7.46264e+06
14      -1.94945e+07      -2.06923e+07      496726      -7.54454e+06      1.3545e+07      2.46357e+07      2.42383e+06      -2.06923e+07      496726      -7.54454e+06
15      -1.95413e+07      -2.07406e+07      499516      -7.59998e+06      1.35304e+07      2.46352e+07      2.42356e+06      -2.07406e+07      499516      -7.59998e+06
16      -1.95741e+07      -2.07745e+07      501416      -7.63779e+06      1.352e+07      2.46352e+07      2.4234e+06      -2.07745e+07      501416      -7.63779e+06
17      -1.95974e+07      -2.07986e+07      502721      -7.6638e+06      1.35126e+07      2.46354e+07      2.42332e+06      -2.07986e+07      502721      -7.6638e+06
18      -1.96141e+07      -2.08159e+07      503624      -7.68182e+06      1.35073e+07      2.46357e+07      2.42328e+06      -2.08159e+07      503624      -7.68182e+06
19      -1.96261e+07      -2.08284e+07      504253      -7.69441e+06      1.35034e+07      2.46361e+07      2.42327e+06      -2.08284e+07      504253      -7.69441e+06
20      -1.96349e+07      -2.08376e+07      504695      -7.70327e+06      1.35006e+07      2.46364e+07      2.42327e+06      -2.08376e+07      504695      -7.70327e+06
21      -1.96414e+07      -2.08443e+07      505009      -7.70955e+06      1.34985e+07      2.46368e+07      2.42328e+06      -2.08443e+07      505009      -7.70955e+06
22      -1.96461e+07      -2.08493e+07      505232      -7.71404e+06      1.3497e+07      2.46371e+07      2.42329e+06      -2.08493e+07      505232      -7.71404e+06
23      -1.96497e+07      -2.0853e+07      505393      -7.71728e+06      1.34959e+07      2.46374e+07      2.4233e+06      -2.0853e+07      505393      -7.71728e+06
24      -1.96523e+07      -2.08557e+07      505509      -7.71962e+06      1.3495e+07      2.46376e+07      2.42332e+06      -2.08557e+07      505509      -7.71962e+06
25      -1.96543e+07      -2.08578e+07      505594      -7.72134e+06      1.34944e+07      2.46378e+07      2.42333e+06      -2.08578e+07      505594      -7.72134e+06
26      -1.96558e+07      -2.08594e+07      505656      -7.7226e+06      1.34939e+07      2.46379e+07      2.42334e+06      -2.08594e+07      505656      -7.7226e+06
27      -1.9657e+07      -2.08606e+07      505702      -7.72353e+06      1.34935e+07      2.4638e+07      2.42335e+06      -2.08606e+07      505702      -7.72353e+06
28      -1.96578e+07      -2.08615e+07      505736      -7.72422e+06      1.34933e+07      2.46381e+07      2.42335e+06      -2.08615e+07      505736      -7.72422e+06
29      -1.96585e+07      -2.08622e+07      505761      -7.72473e+06      1.3493e+07      2.46382e+07      2.42336e+06      -2.08622e+07      505761      -7.72473e+06
30      -1.9659e+07      -2.08627e+07      505781      -7.72512e+06      1.34929e+07      2.46382e+07      2.42336e+06      -2.08627e+07      505781      -7.72512e+06
31      -1.96594e+07      -2.08631e+07      505795      -7.72541e+06      1.34928e+07      2.46383e+07      2.42337e+06      -2.08631e+07      505795      -7.72541e+06
32      -1.96597e+07      -2.08634e+07      505806      -7.72563e+06      1.34927e+07      2.46383e+07      2.42337e+06      -2.08634e+07      505806      -7.72563e+06
33      -1.96599e+07      -2.08636e+07      505814      -7.7258e+06      1.34926e+07      2.46384e+07      2.42337e+06      -2.08636e+07      505814      -7.7258e+06
34      -1.966e+07      -2.08638e+07      505820      -7.72593e+06      1.34925e+07      2.46384e+07      2.42337e+06      -2.08638e+07      505820      -7.72593e+06
35      -1.96602e+07      -2.08639e+07      505825      -7.72602e+06      1.34925e+07      2.46384e+07      2.42337e+06      -2.08639e+07      505825      -7.72602e+06
36      -1.96603e+07      -2.0864e+07      505829      -7.7261e+06      1.34925e+07      2.46384e+07      2.42337e+06      -2.0864e+07      505829      -7.7261e+06
37      -1.96604e+07      -2.08641e+07      505831      -7.72615e+06      1.34924e+07      2.46384e+07      2.42338e+06      -2.08641e+07      505831      -7.72615e+06
38      -1.96604e+07      -2.08642e+07      505833      -7.7262e+06      1.34924e+07      2.46384e+07      2.42338e+06      -2.08642e+07      505833      -7.7262e+06
39      -1.96605e+07      -2.08642e+07      505835      -7.72623e+06      1.34924e+07      2.46384e+07      2.42338e+06      -2.08642e+07      505835      -7.72623e+06
40      -1.96605e+07      -2.08643e+07      505836      -7.72626e+06      1.34924e+07      2.46384e+07      2.42338e+06      -2.08643e+07      505836      -7.72626e+06
41      -1.96605e+07      -2.08643e+07      505837      -7.72628e+06      1.34924e+07      2.46384e+07      2.42338e+06      -2.08643e+07      505837      -7.72628e+06
42      -1.96606e+07      -2.08643e+07      505838      -7.72629e+06      1.34924e+07      2.46384e+07      2.42338e+06      -2.08643e+07      505838      -7.72629e+06
43      -1.96606e+07      -2.08643e+07      505839      -7.7263e+06      1.34924e+07      2.46384e+07      2.42338e+06      -2.08643e+07      505839      -7.7263e+06
44      -1.96606e+07      -2.08644e+07      505839      -7.72631e+06      1.34924e+07      2.46384e+07      2.42338e+06      -2.08644e+07      505839      -7.72631e+06
45      -1.96606e+07      -2.08644e+07      505839      -7.72632e+06      1.34924e+07      2.46385e+07      2.42338e+06      -2.08644e+07      505839      -7.72632e+06
46      -1.96606e+07      -2.08644e+07      505840      -7.72632e+06      1.34924e+07      2.46385e+07      2.42338e+06      -2.08644e+07      505840      -7.72632e+06
47      -1.96606e+07      -2.08644e+07      505840      -7.72633e+06      1.34924e+07      2.46385e+07      2.42338e+06      -2.08644e+07      505840      -7.72633e+06
48      -1.96606e+07      -2.08644e+07      505840      -7.72633e+06      1.34924e+07      2.46385e+07      2.42338e+06      -2.08644e+07      505840      -7.72633e+06
49      -1.96606e+07      -2.08644e+07      505840      -7.72633e+06      1.34924e+07      2.46385e+07      2.42338e+06      -2.08644e+07      505840      -7.72633e+06
50      -1.96606e+07      -2.08644e+07      505840      -7.72634e+06      1.34924e+07      2.46385e+07      2.42338e+06      -2.08644e+07      505840      -7.72634e+06
51      -1.96606e+07      -2.08644e+07      505840      -7.72634e+06      1.34924e+07      2.46385e+07      2.42338e+06      -2.08644e+07      505840      -7.72634e+06
52      -1.96606e+07      -2.08644e+07      505840      -7.72634e+06      1.34924e+07      2.46385e+07      2.42338e+06      -2.08644e+07      505840      -7.72634e+06
53      -1.96606e+07      -2.08644e+07      505840      -7.72634e+06      1.34924e+07      2.46385e+07      2.42338e+06      -2.08644e+07      505840      -7.72634e+06
54      -1.96606e+07      -2.08644e+07      505840      -7.72634e+06      1.34924e+07      2.46385e+07      2.42338e+06      -2.08644e+07      505840      -7.72634e+06
55      -1.96606e+07      -2.08644e+07      505840      -7.72634e+06      1.34924e+07      2.46385e+07      2.42338e+06      -2.08644e+07      505840      -7.72634e+06
56      -1.96606e+07      -2.08644e+07      505840      -7.72634e+06      1.34924e+07      2.46385e+07      2.42338e+06      -2.08644e+07      505840      -7.72634e+06
57      -1.96606e+07      -2.08644e+07      505840      -7.72634e+06      1.34924e+07      2.46385e+07      2.42338e+06      -2.08644e+07      505840      -7.72634e+06
58      -1.96606e+07      -2.08644e+07      505840      -7.72634e+06      1.34924e+07      2.46385e+07      2.42338e+06      -2.08644e+07      505840      -7.72634e+06
59      -1.96606e+07      -2.08644e+07      505841      -7.72634e+06      1.34924e+07      2.46385e+07      2.42338e+06      -2.08644e+07      505841      -7.72634e+06
