0      222751      265854      20336      -126557      2.60957e+06      2.43716e+06      242586      265854      20336      -126557
1      -430583      -521124      6416.33      291333      4.136e+06      4.49816e+06      449459      -521124      6416.33      291333
2      -1.45114e+06      -1.74257e+06      -18389.2      846541      4.96126e+06      6.12701e+06      613723      -1.74257e+06      -18389.2      846541
3      -2.7386e+06      -3.2545e+06      -32170.5      1.15852e+06      5.45495e+06      7.51855e+06      753643      -3.2545e+06      -32170.5      1.15852e+06
4      -4.07557e+06      -4.79437e+06      -26540      1.07615e+06      5.70412e+06      8.57935e+06      859410      -4.79437e+06      -26540      1.07615e+06
5      -5.32519e+06      -6.21404e+06      -8237.94      735244      5.78265e+06      9.33809e+06      934266      -6.21404e+06      -8237.94      735244
6      -6.38429e+06      -7.40305e+06      16831.7      254588      5.75325e+06      9.82826e+06      981891      -7.40305e+06      16831.7      254588
7      -7.13936e+06      -8.23991e+06      41960.9      -233679      5.65909e+06      1.00613e+07      1.0038e+06      -8.23991e+06      41960.9      -233679
8      -7.63672e+06      -8.78737e+06      60931.5      -606122      5.54961e+06      1.01522e+07      1.01183e+06      -8.78737e+06      60931.5      -606122
9      -7.95763e+06      -9.13935e+06      73931.1      -863257      5.45541e+06      1.01823e+07      1.01412e+06      -9.13935e+06      73931.1      -863257
10      -8.16559e+06      -9.36711e+06      82528.2      -1.03421e+06      5.38408e+06      1.01902e+07      1.01443e+06      -9.36711e+06      82528.2      -1.03421e+06
11      -8.30219e+06      -9.51672e+06      88156.1      -1.14655e+06      5.33313e+06      1.01912e+07      1.01423e+06      -9.51672e+06      88156.1      -1.14655e+06
12      -8.39335e+06      -9.61664e+06      91842.8      -1.22035e+06      5.29764e+06      1.01908e+07      1.01398e+06      -9.61664e+06      91842.8      -1.22035e+06
13      -8.45509e+06      -9.68442e+06      94271.2      -1.26908e+06      5.27312e+06      1.01904e+07      1.0138e+06      -9.68442e+06      94271.2      -1.26908e+06
14      -8.49748e+06      -9.73102e+06      95883.4      -1.3015e+06      5.25615e+06      1.01903e+07      1.0137e+06      -9.73102e+06      95883.4      -1.3015e+06
15      -8.52692e+06      -9.76345e+06      96963.4      -1.32326e+06      5.24433e+06      1.01904e+07      1.01366e+06      -9.76345e+06      96963.4      -1.32326e+06
16      -8.54759e+06      -9.78625e+06      97694      -1.33801e+06      5.23605e+06      1.01907e+07      1.01364e+06      -9.78625e+06      97694      -1.33801e+06
17      -8.56223e+06      -9.80243e+06      98193      -1.3481e+06      5.2302e+06      1.0191e+07      1.01364e+06      -9.80243e+06      98193      -1.3481e+06
18      -8.57269e+06      -9.81401e+06      98537.3      -1.35508e+06      5.22602e+06      1.01913e+07      1.01365e+06      -9.81401e+06      98537.3      -1.35508e+06
19      -8.58023e+06      -9.82236e+06      98777.1      -1.35995e+06      5.22303e+06      1.01915e+07      1.01367e+06      -9.82236e+06      98777.1      -1.35995e+06
20      -8.58568e+06      -9.82841e+06      98945.7      -1.36338e+06      5.22086e+06      1.01918e+07      1.01368e+06      -9.82841e+06      98945.7      -1.36338e+06
21      -8.58966e+06      -9.83283e+06      99065.3      -1.36582e+06      5.21928e+06      1.0192e+07      1.01369e+06      -9.83283e+06      99065.3      -1.36582e+06
22      -8.59257e+06      -9.83606e+06      99150.8      -1.36756e+06      5.21813e+06      1.01921e+07      1.0137e+06      -9.83606e+06      99150.8      -1.36756e+06
23      -8.59471e+06      -9.83845e+06      99212.4      -1.36882e+06      5.21729e+06      1.01922e+07      1.01371e+06      -9.83845e+06      99212.4      -1.36882e+06
24      -8.59629e+06      -9.84021e+06      99257      -1.36973e+06      5.21666e+06      1.01923e+07      1.01372e+06      -9.84021e+06      99257      -1.36973e+06
25      -8.59746e+06      -9.84151e+06      99289.5      -1.3704e+06      5.2162e+06      1.01924e+07      1.01372e+06      -9.84151e+06      99289.5      -1.3704e+06
26      -8.59833e+06      -9.84248e+06      99313.3      -1.37088e+06      5.21586e+06      1.01925e+07      1.01373e+06      -9.84248e+06      99313.3      -1.37088e+06
27      -8.59898e+06      -9.8432e+06      99330.9      -1.37124e+06      5.2156e+06      1.01925e+07      1.01373e+06      -9.8432e+06      99330.9      -1.37124e+06
28      -8.59946e+06      -9.84374e+06      99343.8      -1.37151e+06      5.21541e+06      1.01925e+07      1.01373e+06      -9.84374e+06      99343.8      -1.37151e+06
29      -8.59982e+06      -9.84414e+06      99353.4      -1.37171e+06      5.21527e+06      1.01926e+07      1.01374e+06      -9.84414e+06      99353.4      -1.37171e+06
30      -8.60009e+06      -9.84444e+06      99360.5      -1.37185e+06      5.21517e+06      1.01926e+07      1.01374e+06      -9.84444e+06      99360.5      -1.37185e+06
31      -8.6003e+06      -9.84467e+06      99365.8      -1.37196e+06      5.21509e+06      1.01926e+07      1.01374e+06      -9.84467e+06      99365.8      -1.37196e+06
32      -8.60045e+06      -9.84484e+06      99369.8      -1.37204e+06      5.21503e+06      1.01926e+07      1.01374e+06      -9.84484e+06      99369.8      -1.37204e+06
33      -8.60056e+06      -9.84497e+06      99372.7      -1.3721e+06      5.21498e+06      1.01926e+07      1.01374e+06      -9.84497e+06      99372.7      -1.3721e+06
34      -8.60064e+06      -9.84506e+06      99374.9      -1.37215e+06      5.21495e+06      1.01926e+07      1.01374e+06      -9.84506e+06      99374.9      -1.37215e+06
35      -8.60071e+06      -9.84513e+06      99376.6      -1.37218e+06      5.21493e+06      1.01926e+07      1.01374e+06      -9.84513e+06      99376.6      -1.37218e+06
36      -8.60076e+06      -9.84518e+06      99377.8      -1.37221e+06      5.21491e+06      1.01926e+07      1.01374e+06      -9.84518e+06      99377.8      -1.37221e+06
37      -8.60079e+06      -9.84523e+06      99378.8      -1.37223e+06      5.21489e+06      1.01926e+07      1.01374e+06      -9.84523e+06      99378.8      -1.37223e+06
38      -8.60082e+06      -9.84526e+06      99379.5      -1.37224e+06      5.21488e+06      1.01926e+07      1.01374e+06      -9.84526e+06      99379.5      -1.37224e+06
39      -8.60084e+06      -9.84528e+06      99380      -1.37225e+06      5.21487e+06      1.01926e+07      1.01374e+06      -9.84528e+06      99380      -1.37225e+06
40      -8.60086e+06      -9.8453e+06      99380.4      -1.37226e+06      5.21487e+06      1.01926e+07      1.01374e+06      -9.8453e+06      99380.4      -1.37226e+06
41      -8.60087e+06      -9.84531e+06      99380.7      -1.37227e+06      5.21486e+06      1.01926e+07      1.01374e+06      -9.84531e+06      99380.7      -1.37227e+06
42      -8.60088e+06      -9.84532e+06      99380.9      -1.37227e+06      5.21486e+06      1.01926e+07      1.01374e+06      -9.84532e+06      99380.9      -1.37227e+06
43      -8.60088e+06      -9.84532e+06      99381.1      -1.37228e+06      5.21486e+06      1.01926e+07      1.01374e+06      -9.84532e+06      99381.1      -1.37228e+06
44      -8.60089e+06      -9.84533e+06      99381.2      -1.37228e+06      5.21486e+06      1.01926e+07      1.01374e+06      -9.84533e+06      99381.2      -1.37228e+06
45      -8.60089e+06      -9.84533e+06      99381.3      -1.37228e+06      5.21485e+06      1.01926e+07      1.01374e+06      -9.84533e+06      99381.3      -1.37228e+06
46      -8.60089e+06      -9.84534e+06      99381.3      -1.37228e+06      5.21485e+06      1.01926e+07      1.01374e+06      -9.84534e+06      99381.3      -1.37228e+06
47      -8.6009e+06      -9.84534e+06      99381.4      -1.37228e+06      5.21485e+06      1.01926e+07      1.01374e+06      -9.84534e+06      99381.4      -1.37228e+06
48      -8.6009e+06      -9.84534e+06      99381.4      -1.37228e+06      5.21485e+06      1.01926e+07      1.01374e+06      -9.84534e+06      99381.4      -1.37228e+06
49      -8.6009e+06      -9.84534e+06      99381.5      -1.37228e+06      5.21485e+06      1.01926e+07      1.01374e+06      -9.84534e+06      99381.5      -1.37228e+06
50      -8.6009e+06      -9.84534e+06      99381.5      -1.37228e+06      5.21485e+06      1.01926e+07      1.01374e+06      -9.84534e+06      99381.5      -1.37228e+06
51      -8.6009e+06      -9.84534e+06      99381.5      -1.37228e+06      5.21485e+06      1.01926e+07      1.01374e+06      -9.84534e+06      99381.5      -1.37228e+06
52      -8.6009e+06      -9.84535e+06      99381.5      -1.37229e+06      5.21485e+06      1.01926e+07      1.01374e+06      -9.84535e+06      99381.5      -1.37229e+06
53      -8.6009e+06      -9.84535e+06      99381.5      -1.37229e+06      5.21485e+06      1.01926e+07      1.01374e+06      -9.84535e+06      99381.5      -1.37229e+06
54      -8.6009e+06      -9.84535e+06      99381.5      -1.37229e+06      5.21485e+06      1.01926e+07      1.01374e+06      -9.84535e+06      99381.5      -1.37229e+06
