0      2.07732e+06      2.33546e+06      220180      -1.00717e+06      2.42771e+07      2.34371e+07      2.3276e+06      2.33546e+06      220180      -1.00717e+06
1      -2.36239e+06      -2.71711e+06      176100      1.88944e+06      3.98786e+07      4.10329e+07      4.0904e+06      -2.71711e+06      176100      1.88944e+06
2      -1.00527e+07      -1.14059e+07      40147.7      5.75796e+06      4.95389e+07      5.3942e+07      5.39127e+06      -1.14059e+07      40147.7      5.75796e+06
3      -1.97184e+07      -2.222e+07      -60924      8.51114e+06      5.57882e+07      6.39282e+07      6.39728e+06      -2.222e+07      -60924      8.51114e+06
4      -3.01135e+07      -3.37409e+07      -76256      9.28766e+06      5.9461e+07      7.12644e+07      7.13202e+06      -3.37409e+07      -76256      9.28766e+06
5      -4.00293e+07      -4.46462e+07      -15496      8.33791e+06      6.10596e+07      7.60829e+07      7.60942e+06      -4.46462e+07      -15496      8.33791e+06
6      -4.88206e+07      -5.42576e+07      89922.4      6.34916e+06      6.12445e+07      7.89365e+07      7.88707e+06      -5.42576e+07      89922.4      6.34916e+06
7      -5.59453e+07      -6.20051e+07      213571      3.89953e+06      6.05735e+07      8.02922e+07      8.01359e+06      -6.20051e+07      213571      3.89953e+06
8      -6.15022e+07      -6.80347e+07      320659      1.72476e+06      5.9588e+07      8.08444e+07      8.06098e+06      -6.80347e+07      320659      1.72476e+06
9      -6.57957e+07      -7.26886e+07      406729      -47999.9      5.86076e+07      8.10369e+07      8.07393e+06      -7.26886e+07      406729      -47999.9
10      -6.91196e+07      -7.62901e+07      474259      -1.45013e+06      5.7753e+07      8.10855e+07      8.07385e+06      -7.62901e+07      474259      -1.45013e+06
11      -7.17046e+07      -7.90905e+07      526876      -2.5477e+06      5.70485e+07      8.10822e+07      8.06967e+06      -7.90905e+07      526876      -2.5477e+06
12      -7.37226e+07      -8.12768e+07      567824      -3.40425e+06      5.64823e+07      8.10633e+07      8.06479e+06      -8.12768e+07      567824      -3.40425e+06
13      -7.53019e+07      -8.29878e+07      599711      -4.07243e+06      5.60324e+07      8.10423e+07      8.06035e+06      -8.29878e+07      599711      -4.07243e+06
14      -7.65395e+07      -8.43288e+07      624569      -4.59391e+06      5.56771e+07      8.10233e+07      8.05663e+06      -8.43288e+07      624569      -4.59391e+06
15      -7.75101e+07      -8.53805e+07      643965      -5.00116e+06      5.53973e+07      8.10075e+07      8.05363e+06      -8.53805e+07      643965      -5.00116e+06
16      -7.82714e+07      -8.62056e+07      659113      -5.3194e+06      5.51773e+07      8.09948e+07      8.05126e+06      -8.62056e+07      659113      -5.3194e+06
17      -7.88686e+07      -8.68528e+07      670951      -5.56823e+06      5.50045e+07      8.09848e+07      8.04938e+06      -8.68528e+07      670951      -5.56823e+06
18      -7.93371e+07      -8.73605e+07      680208      -5.76288e+06      5.48689e+07      8.09769e+07      8.04792e+06      -8.73605e+07      680208      -5.76288e+06
19      -7.97045e+07      -8.77587e+07      687450      -5.91518e+06      5.47624e+07      8.09707e+07      8.04677e+06      -8.77587e+07      687450      -5.91518e+06
20      -7.99926e+07      -8.8071e+07      693117      -6.0344e+06      5.46789e+07      8.09658e+07      8.04587e+06      -8.8071e+07      693117      -6.0344e+06
21      -8.02185e+07      -8.83158e+07      697553      -6.12774e+06      5.46135e+07      8.09621e+07      8.04517e+06      -8.83158e+07      697553      -6.12774e+06
22      -8.03956e+07      -8.85078e+07      701026      -6.20082e+06      5.45622e+07      8.09591e+07      8.04462e+06      -8.85078e+07      701026      -6.20082e+06
23      -8.05344e+07      -8.86583e+07      703746      -6.25806e+06      5.45219e+07      8.09568e+07      8.04419e+06      -8.86583e+07      703746      -6.25806e+06
24      -8.06433e+07      -8.87763e+07      705877      -6.3029e+06      5.44904e+07      8.0955e+07      8.04385e+06      -8.87763e+07      705877      -6.3029e+06
25      -8.07286e+07      -8.88688e+07      707545      -6.33802e+06      5.44657e+07      8.09536e+07      8.04359e+06      -8.88688e+07      707545      -6.33802e+06
26      -8.07954e+07      -8.89412e+07      708852      -6.36553e+06      5.44463e+07      8.09525e+07      8.04338e+06      -8.89412e+07      708852      -6.36553e+06
27      -8.08478e+07      -8.8998e+07      709876      -6.38709e+06      5.44311e+07      8.09516e+07      8.04322e+06      -8.8998e+07      709876      -6.38709e+06
28      -8.08889e+07      -8.90426e+07      710678      -6.40397e+06      5.44192e+07      8.0951e+07      8.0431e+06      -8.90426e+07      710678      -6.40397e+06
29      -8.09211e+07      -8.90775e+07      711307      -6.4172e+06      5.44099e+07      8.09505e+07      8.043e+06      -8.90775e+07      711307      -6.4172e+06
30      -8.09463e+07      -8.91048e+07      711799      -6.42757e+06      5.44026e+07      8.095e+07      8.04292e+06      -8.91048e+07      711799      -6.42757e+06
31      -8.09661e+07      -8.91262e+07      712185      -6.43569e+06      5.43968e+07      8.09497e+07      8.04286e+06      -8.91262e+07      712185      -6.43569e+06
32      -8.09816e+07      -8.9143e+07      712488      -6.44206e+06      5.43924e+07      8.09495e+07      8.04281e+06      -8.9143e+07      712488      -6.44206e+06
33      -8.09937e+07      -8.91562e+07      712724      -6.44704e+06      5.43888e+07      8.09493e+07      8.04278e+06      -8.91562e+07      712724      -6.44704e+06
34      -8.10032e+07      -8.91665e+07      712910      -6.45095e+06      5.43861e+07      8.09491e+07      8.04275e+06      -8.91665e+07      712910      -6.45095e+06
35      -8.10107e+07      -8.91746e+07      713056      -6.45401e+06      5.43839e+07      8.0949e+07      8.04272e+06      -8.91746e+07      713056      -6.45401e+06
36      -8.10165e+07      -8.91809e+07      713169      -6.45641e+06      5.43822e+07      8.09489e+07      8.04271e+06      -8.91809e+07      713169      -6.45641e+06
37      -8.10211e+07      -8.91858e+07      713259      -6.45829e+06      5.43809e+07      8.09488e+07      8.04269e+06      -8.91858e+07      713259      -6.45829e+06
38      -8.10247e+07      -8.91897e+07      713329      -6.45977e+06      5.43799e+07      8.09488e+07      8.04268e+06      -8.91897e+07      713329      -6.45977e+06
39      -8.10275e+07      -8.91928e+07      713384      -6.46092e+06      5.4379e+07      8.09487e+07      8.04267e+06      -8.91928e+07      713384      -6.46092e+06
40      -8.10297e+07      -8.91952e+07      713427      -6.46182e+06      5.43784e+07      8.09487e+07      8.04267e+06      -8.91952e+07      713427      -6.46182e+06
41      -8.10314e+07      -8.9197e+07      713460      -6.46253e+06      5.43779e+07      8.09487e+07      8.04266e+06      -8.9197e+07      713460      -6.46253e+06
42      -8.10328e+07      -8.91985e+07      713487      -6.46309e+06      5.43775e+07      8.09486e+07      8.04266e+06      -8.91985e+07      713487      -6.46309e+06
43      -8.10338e+07      -8.91997e+07      713507      -6.46352e+06      5.43772e+07      8.09486e+07      8.04265e+06      -8.91997e+07      713507      -6.46352e+06
44      -8.10346e+07      -8.92006e+07      713523      -6.46386e+06      5.4377e+07      8.09486e+07      8.04265e+06      -8.92006e+07      713523      -6.46386e+06
45      -8.10353e+07      -8.92013e+07      713536      -6.46413e+06      5.43768e+07      8.09486e+07      8.04265e+06      -8.92013e+07      713536      -6.46413e+06
46      -8.10358e+07      -8.92018e+07      713546      -6.46434e+06      5.43766e+07      8.09486e+07      8.04265e+06      -8.92018e+07      713546      -6.46434e+06
47      -8.10362e+07      -8.92022e+07      713554      -6.4645e+06      5.43765e+07      8.09486e+07      8.04265e+06      -8.92022e+07      713554      -6.4645e+06
48      -8.10365e+07      -8.92026e+07      713560      -6.46463e+06      5.43764e+07      8.09486e+07      8.04265e+06      -8.92026e+07      713560      -6.46463e+06
49      -8.10368e+07      -8.92029e+07      713565      -6.46473e+06      5.43764e+07      8.09486e+07      8.04264e+06      -8.92029e+07      713565      -6.46473e+06
50      -8.1037e+07      -8.92031e+07      713569      -6.46481e+06      5.43763e+07      8.09486e+07      8.04264e+06      -8.92031e+07      713569      -6.46481e+06
51      -8.10371e+07      -8.92032e+07      713571      -6.46487e+06      5.43763e+07      8.09486e+07      8.04264e+06      -8.92032e+07      713571      -6.46487e+06
52      -8.10372e+07      -8.92034e+07      713574      -6.46492e+06      5.43762e+07      8.09486e+07      8.04264e+06      -8.92034e+07      713574      -6.46492e+06
53      -8.10373e+07      -8.92035e+07      713576      -6.46496e+06      5.43762e+07      8.09486e+07      8.04264e+06      -8.92035e+07      713576      -6.46496e+06
54      -8.10374e+07      -8.92035e+07      713577      -6.46499e+06      5.43762e+07      8.09486e+07      8.04264e+06      -8.92035e+07      713577      -6.46499e+06
55      -8.10374e+07      -8.92036e+07      713578      -6.46501e+06      5.43762e+07      8.09486e+07      8.04264e+06      -8.92036e+07      713578      -6.46501e+06
56      -8.10375e+07      -8.92036e+07      713579      -6.46503e+06      5.43761e+07      8.09486e+07      8.04264e+06      -8.92036e+07      713579      -6.46503e+06
57      -8.10375e+07      -8.92037e+07      713580      -6.46505e+06      5.43761e+07      8.09486e+07      8.04264e+06      -8.92037e+07      713580      -6.46505e+06
58      -8.10375e+07      -8.92037e+07      713580      -6.46506e+06      5.43761e+07      8.09486e+07      8.04264e+06      -8.92037e+07      713580      -6.46506e+06
59      -8.10376e+07      -8.92037e+07      713581      -6.46507e+06      5.43761e+07      8.09486e+07      8.04264e+06      -8.92037e+07      713581      -6.46507e+06
60      -8.10376e+07      -8.92037e+07      713581      -6.46507e+06      5.43761e+07      8.09486e+07      8.04264e+06      -8.92037e+07      713581      -6.46507e+06
61      -8.10376e+07      -8.92038e+07      713581      -6.46508e+06      5.43761e+07      8.09486e+07      8.04264e+06      -8.92038e+07      713581      -6.46508e+06
62      -8.10376e+07      -8.92038e+07      713581      -6.46508e+06      5.43761e+07      8.09486e+07      8.04264e+06      -8.92038e+07      713581      -6.46508e+06
63      -8.10376e+07      -8.92038e+07      713582      -6.46509e+06      5.43761e+07      8.09486e+07      8.04264e+06      -8.92038e+07      713582      -6.46509e+06
64      -8.10376e+07      -8.92038e+07      713582      -6.46509e+06      5.43761e+07      8.09486e+07      8.04264e+06      -8.92038e+07      713582      -6.46509e+06
65      -8.10376e+07      -8.92038e+07      713582      -6.46509e+06      5.43761e+07      8.09486e+07      8.04264e+06      -8.92038e+07      713582      -6.46509e+06
66      -8.10376e+07      -8.92038e+07      713582      -6.46509e+06      5.43761e+07      8.09486e+07      8.04264e+06      -8.92038e+07      713582      -6.46509e+06
67      -8.10376e+07      -8.92038e+07      713582      -6.46509e+06      5.43761e+07      8.09486e+07      8.04264e+06      -8.92038e+07      713582      -6.46509e+06
68      -8.10376e+07      -8.92038e+07      713582      -6.4651e+06      5.43761e+07      8.09486e+07      8.04264e+06      -8.92038e+07      713582      -6.4651e+06
69      -8.10376e+07      -8.92038e+07      713582      -6.4651e+06      5.43761e+07      8.09486e+07      8.04264e+06      -8.92038e+07      713582      -6.4651e+06
70      -8.10376e+07      -8.92038e+07      713582      -6.4651e+06      5.43761e+07      8.09486e+07      8.04264e+06      -8.92038e+07      713582      -6.4651e+06
71      -8.10376e+07      -8.92038e+07      713582      -6.4651e+06      5.43761e+07      8.09486e+07      8.04264e+06      -8.92038e+07      713582      -6.4651e+06
72      -8.10376e+07      -8.92038e+07      713582      -6.4651e+06      5.43761e+07      8.09486e+07      8.04264e+06      -8.92038e+07      713582      -6.4651e+06
73      -8.10376e+07      -8.92038e+07      713582      -6.4651e+06      5.43761e+07      8.09486e+07      8.04264e+06      -8.92038e+07      713582      -6.4651e+06
