0      136912      162595      17204.9      -72132      1.85317e+06      1.77897e+06      176574      162595      17204.9      -72132
1      -274466      -332572      12120.3      182706      2.99204e+06      3.1599e+06      315058      -332572      12120.3      182706
2      -864272      -1.03291e+06      4022.11      425997      3.63166e+06      4.11884e+06      411574      -1.03291e+06      4022.11      425997
3      -1.56924e+06      -1.86624e+06      -6081.29      669159      3.99365e+06      4.85164e+06      485632      -1.86624e+06      -6081.29      669159
4      -2.32e+06      -2.74092e+06      -9391.62      757200      4.1727e+06      5.3887e+06      539593      -2.74092e+06      -9391.62      757200
5      -3.05945e+06      -3.59263e+06      -6664.42      712498      4.22618e+06      5.76649e+06      577161      -3.59263e+06      -6664.42      712498
6      -3.7322e+06      -4.35957e+06      830.701      565118      4.19604e+06      6.00844e+06      600781      -4.35957e+06      830.701      565118
7      -4.26553e+06      -4.96108e+06      10905.1      361058      4.11245e+06      6.12182e+06      611343      -4.96108e+06      10905.1      361058
8      -4.66202e+06      -5.40626e+06      19523.8      182711      4.0137e+06      6.16373e+06      614871      -5.40626e+06      19523.8      182711
9      -4.95137e+06      -5.7305e+06      26134.7      43957.6      3.92383e+06      6.17464e+06      615454      -5.7305e+06      26134.7      43957.6
10      -5.16249e+06      -5.9669e+06      31027.1      -59670.5      3.85052e+06      6.17434e+06      615048      -5.9669e+06      31027.1      -59670.5
11      -5.3174e+06      -6.14032e+06      34610.4      -136013      3.79363e+06      6.17095e+06      614433      -6.14032e+06      34610.4      -136013
12      -5.43171e+06      -6.26832e+06      37230.6      -192048      3.75049e+06      6.16736e+06      613872      -6.26832e+06      37230.6      -192048
13      -5.51646e+06      -6.36325e+06      39148.9      -233183      3.71811e+06      6.16438e+06      613427      -6.36325e+06      39148.9      -233183
14      -5.57949e+06      -6.43388e+06      40556.3      -263426      3.6939e+06      6.16212e+06      613093      -6.43388e+06      40556.3      -263426
15      -5.62646e+06      -6.48653e+06      41591.4      -285704      3.67584e+06      6.16047e+06      612847      -6.48653e+06      41591.4      -285704
16      -5.66151e+06      -6.52583e+06      42354.4      -302149      3.66236e+06      6.15927e+06      612669      -6.52583e+06      42354.4      -302149
17      -5.68769e+06      -6.55519e+06      42918      -314310      3.6523e+06      6.15841e+06      612539      -6.55519e+06      42918      -314310
18      -5.70725e+06      -6.57714e+06      43335.1      -323321      3.64479e+06      6.15778e+06      612445      -6.57714e+06      43335.1      -323321
19      -5.72188e+06      -6.59355e+06      43644.4      -330007      3.63917e+06      6.15734e+06      612376      -6.59355e+06      43644.4      -330007
20      -5.73281e+06      -6.60582e+06      43874.1      -334975      3.63498e+06      6.15701e+06      612326      -6.60582e+06      43874.1      -334975
21      -5.741e+06      -6.61501e+06      44044.8      -338671      3.63185e+06      6.15677e+06      612289      -6.61501e+06      44044.8      -338671
22      -5.74712e+06      -6.62188e+06      44171.9      -341423      3.6295e+06      6.1566e+06      612262      -6.62188e+06      44171.9      -341423
23      -5.75169e+06      -6.62702e+06      44266.5      -343475      3.62775e+06      6.15647e+06      612242      -6.62702e+06      44266.5      -343475
24      -5.75512e+06      -6.63087e+06      44337.1      -345005      3.62644e+06      6.15638e+06      612227      -6.63087e+06      44337.1      -345005
25      -5.75769e+06      -6.63375e+06      44389.8      -346147      3.62546e+06      6.15631e+06      612217      -6.63375e+06      44389.8      -346147
26      -5.75961e+06      -6.63591e+06      44429.1      -347000      3.62473e+06      6.15626e+06      612208      -6.63591e+06      44429.1      -347000
27      -5.76104e+06      -6.63752e+06      44458.5      -347637      3.62418e+06      6.15622e+06      612202      -6.63752e+06      44458.5      -347637
28      -5.76212e+06      -6.63873e+06      44480.4      -348114      3.62377e+06      6.1562e+06      612198      -6.63873e+06      44480.4      -348114
29      -5.76292e+06      -6.63963e+06      44496.8      -348469      3.62346e+06      6.15617e+06      612195      -6.63963e+06      44496.8      -348469
30      -5.76352e+06      -6.64031e+06      44509.1      -348736      3.62323e+06      6.15616e+06      612192      -6.64031e+06      44509.1      -348736
31      -5.76398e+06      -6.64081e+06      44518.3      -348935      3.62306e+06      6.15615e+06      612190      -6.64081e+06      44518.3      -348935
32      -5.76431e+06      -6.64119e+06      44525.1      -349084      3.62293e+06      6.15614e+06      612189      -6.64119e+06      44525.1      -349084
33      -5.76457e+06      -6.64148e+06      44530.3      -349195      3.62283e+06      6.15613e+06      612188      -6.64148e+06      44530.3      -349195
34      -5.76475e+06      -6.64169e+06      44534.1      -349278      3.62276e+06      6.15613e+06      612187      -6.64169e+06      44534.1      -349278
35      -5.7649e+06      -6.64185e+06      44537      -349341      3.62271e+06      6.15612e+06      612186      -6.64185e+06      44537      -349341
36      -5.765e+06      -6.64197e+06      44539.1      -349387      3.62267e+06      6.15612e+06      612186      -6.64197e+06      44539.1      -349387
37      -5.76508e+06      -6.64206e+06      44540.7      -349422      3.62264e+06      6.15612e+06      612186      -6.64206e+06      44540.7      -349422
38      -5.76514e+06      -6.64212e+06      44541.9      -349448      3.62261e+06      6.15612e+06      612186      -6.64212e+06      44541.9      -349448
39      -5.76519e+06      -6.64217e+06      44542.8      -349468      3.6226e+06      6.15612e+06      612185      -6.64217e+06      44542.8      -349468
40      -5.76522e+06      -6.64221e+06      44543.5      -349483      3.62258e+06      6.15612e+06      612185      -6.64221e+06      44543.5      -349483
41      -5.76524e+06      -6.64224e+06      44544      -349494      3.62257e+06      6.15612e+06      612185      -6.64224e+06      44544      -349494
42      -5.76526e+06      -6.64226e+06      44544.4      -349502      3.62257e+06      6.15612e+06      612185      -6.64226e+06      44544.4      -349502
43      -5.76528e+06      -6.64228e+06      44544.7      -349508      3.62256e+06      6.15611e+06      612185      -6.64228e+06      44544.7      -349508
44      -5.76529e+06      -6.64229e+06      44544.9      -349513      3.62256e+06      6.15611e+06      612185      -6.64229e+06      44544.9      -349513
45      -5.7653e+06      -6.6423e+06      44545.1      -349516      3.62255e+06      6.15611e+06      612185      -6.6423e+06      44545.1      -349516
46      -5.7653e+06      -6.6423e+06      44545.2      -349519      3.62255e+06      6.15611e+06      612185      -6.6423e+06      44545.2      -349519
47      -5.76531e+06      -6.64231e+06      44545.3      -349521      3.62255e+06      6.15611e+06      612185      -6.64231e+06      44545.3      -349521
48      -5.76531e+06      -6.64231e+06      44545.3      -349522      3.62255e+06      6.15611e+06      612185      -6.64231e+06      44545.3      -349522
49      -5.76531e+06      -6.64231e+06      44545.4      -349523      3.62255e+06      6.15611e+06      612185      -6.64231e+06      44545.4      -349523
50      -5.76531e+06      -6.64232e+06      44545.4      -349524      3.62255e+06      6.15611e+06      612185      -6.64232e+06      44545.4      -349524
51      -5.76531e+06      -6.64232e+06      44545.4      -349525      3.62255e+06      6.15611e+06      612185      -6.64232e+06      44545.4      -349525
52      -5.76532e+06      -6.64232e+06      44545.5      -349525      3.62255e+06      6.15611e+06      612185      -6.64232e+06      44545.5      -349525
53      -5.76532e+06      -6.64232e+06      44545.5      -349525      3.62255e+06      6.15611e+06      612185      -6.64232e+06      44545.5      -349525
54      -5.76532e+06      -6.64232e+06      44545.5      -349526      3.62255e+06      6.15611e+06      612185      -6.64232e+06      44545.5      -349526
